  Det20170725_092359_STGS     1.5000   40650280   18021356    8728035    8204492   75604164
  Det20170725_092401_STGS     1.5000   28401603   10351326    9654431    9289670   57697030
  Det20170725_092402_STGS     1.5000  117127572   24851620    5802360    5259890  153041442
  Det20170725_092403_STGS     1.5000    6914795    7048482    5828163    5525637   25317077
  Det20170725_092404_STGS     1.5000   29154971   13910393    7946851    7655183   58667398
  Det20170725_092405_STGS     1.5000  150224027   12587513    4149631    4301015  171262186
  Det20170725_092406_STGS     1.5000   71815326   18766195    8920001    7596236  107097757
  Det20170725_092407_STGS     1.5000   21571525   16904234    6999767    5156450   50631976
  Det20170725_092408_STGS     1.5000   21783684   13135101    7876442    7439125   50234351
  Det20170725_092409_STGS     1.5000   16981518   11202844    5391749    5276581   38852692
  Det20170725_092410_STGS     1.5000   22162956   18478385    3051994    2864832   46558167
  Det20170725_092411_STGS     1.5000   12212587   10856202    4195231    3890190   31154211
  Det20170725_092412_STGS     1.5000   73957358   19696435   11015420    8527727  113196939
  Det20170725_092413_STGS     1.5000   21728209    9800772    3502128    2626778   37657888
  Det20170725_092414_STGS     1.5000   10554369   10744136    7053478    7012313   35364295
  Det20170725_092415_STGS     1.5000   28689061   11254992    5292978    4873293   50110325
  Det20170725_092416_STGS     1.5000   10302816    9868049    8778753    8685075   37634692
  Det20170725_092417_STGS     1.5000   90515161   28432708    8569062    6483615  134000546
  Det20170725_092418_STGS     1.5000    9340099   10040795    4695502    4962855   29039251
  Det20170725_092419_STGS     1.5000  171633273   28237207   12098303   10089248  222058032
  Det20170725_092420_STGS     1.5000  201271748   29149296    8359474    8345660  247126177
  Det20170725_092421_STGS     1.5000   30224181   15700884   11413161    9055347   66393573
  Det20170725_092422_STGS     1.5000   25326460   19147822   12217703   10380301   67072285
  Det20170725_092423_STGS     1.5000   60290803   19368972    4653872    4253037   88566684
  Det20170725_092424_STGS     1.5000   23446699   12802400    6026268    5641143   47916510
  Det20170725_092425_STGS     1.5000   24960969   18663751    8846353    8693350   61164423
  Det20170725_092426_STGS     1.5000   26338859   23162629    8943799    8739154   67184440
  Det20170725_092427_STGS     1.5000   16544830   13570814    3160838    2833171   36109653
  Det20170725_092428_STGS     1.5000  197123157   22046463    8044581    7907382  235121584
  Det20170725_092429_STGS     1.5000   11144134    7781174    3431066    3495369   25851743
  Det20170725_092430_STGS     1.5000   13451107   11364287    2835473    2720019   30370886
  Det20170725_092431_STGS     1.5000    7493565    7077372    6713514    6744621   28029072
  Det20170725_092432_STGS     1.5000    9262928    9053315    6361395    6328296   31005933
  Det20170725_092433_STGS     1.5000  123011091   16336479   11215158   10943238  161505966
  Det20170725_092434_STGS     1.5000  111281033   27204282    7324592    5680326  151490233
  Det20170725_092435_STGS     1.5000  120349979   26146786    8481678    6827233  161805676
  Det20170725_092436_STGS     1.5000  126809883   36166873   13085756    9478291  185540804
  Det20170725_092437_STGS     1.5000   93761666   29269022    6123594    5400669  134554951
  Det20170725_092438_STGS     1.5000   68617742   26731373   13078594    9624235  118051945
  Det20170725_092440_STGS     1.5000   25517212   18932543    9156690    8381491   61987936
  Det20170725_092441_STGS     1.5000    9020356    6943225    3492044    3533622   22989246
  Det20170725_092442_STGS     1.5000    7858659    6382942    3205714    3234346   20681661
  Det20170725_092443_STGS     1.5000   19985854   12341797    7923936    7779872   48031459
  Det20170725_092444_STGS     1.5000   14102417   13026875    5490030    5454161   38073482
  Det20170725_092445_STGS     1.5000   24730068   16097945   13852214   12317536   66997764
  Det20170725_092446_STGS     1.5000   21776857   15506108    9630272    7841438   54754675
  Det20170725_092447_STGS     1.5000   65959560   25148165   10342211    8106776  109556711
  Det20170725_092448_STGS     1.5000  168697913   20769233    9417573    9267195  208151914
  Det20170725_092449_STGS     1.5000   61217179   36639385   13721417   12133747  123711727
  Det20170725_092450_STGS     1.5000   12270759   12418008   10068935    9020597   43778299
  Det20170725_092451_STGS     1.5000    7990028    7680748    7103387    6817048   29591211
  Det20170725_092452_STGS     1.5000    8947676    8585900    7694972    7309294   32537843
  Det20170725_092453_STGS     1.5000   13315724   12461795    4190081    4194094   34161694
  Det20170725_092454_STGS     1.5000   12737012    8124488    8096715    7621476   36579691
  Det20170725_092455_STGS     1.5000   11836885    9697340    2687044    2636686   26857955
  Det20170725_092456_STGS     1.5000   15707237   15646155   10253731    9409977   51017100
  Det20170725_092457_STGS     1.5000   30152548   19448973    9586512    7424042   66612075
  Det20170725_092458_STGS     1.5000   12190034   11643428   10709601   10189446   44732509
  Det20170725_092459_STGS     1.5000    5781836    5178770    3079732    3203429   17243767
  Det20170725_092500_STGS     1.5000    9126965    8735321    7807420    7415255   33084961
  Det20170725_092501_STGS     1.5000  194182826   32708313    9173744    7331945  243396828
  Det20170725_092502_STGS     1.5000   22286077   18025709   10182154    9302291   59796231
  Det20170725_092503_STGS     1.5000   24728577   13603061    9124847    7112143   54568627
  Det20170725_092504_STGS     1.5000   36733069   19140899    4900854    4886625   65661447
  Det20170725_092505_STGS     1.5000   25048691   19468022   14845063   13441452   72803228
  Det20170725_092506_STGS     1.5000   17263023   10425202    6995637    6993680   41677541
  Det20170725_092507_STGS     1.5000   50885030   13096603    6621773    5623562   76226967
  Det20170725_092508_STGS     1.5000   22864868   15726112    4415954    4341945   47348878
  Det20170725_092509_STGS     1.5000    8252404    6999166    7280846    7166818   29699233
  Det20170725_092511_STGS     1.5000   49802078   17410535    9378921    8955602   85547135
  Det20170725_092512_STGS     1.5000   10801840   10853775    6103862    5362310   33121788
  Det20170725_092513_STGS     1.5000   68946333   20456115    5915921    5622029  100940399
  Det20170725_092514_STGS     1.5000   59205225   12739368    2977661    2719388   77641642
  Det20170725_092515_STGS     1.5000   48721950   32496581   12305860   11052838  104577229
  Det20170725_092516_STGS     1.5000   17650967   15430483   10675741    9202501   52959692
  Det20170725_092517_STGS     1.5000  114775698   21570081   11733194   11380390  159459362
  Det20170725_092518_STGS     1.5000   20613034   16069572    5953592    5362816   47999014
  Det20170725_092519_STGS     1.5000   99092183   28300590   10760324    9561101  147714199
  Det20170725_092520_STGS     1.5000    5712318    4716417    7861823    7699281   25989840
  Det20170725_092521_STGS     1.5000   19059171   13638635    6749340    6255447   45702594
  Det20170725_092522_STGS     1.5000   45881389   15698388    4974299    4489696   71043773
  Det20170725_092523_STGS     1.5000   62357831   17919056    9691140    9047764   99015790
  Det20170725_092524_STGS     1.5000    6874459    8198525    7097621    6863733   29034338
  Det20170725_092525_STGS     1.5000   24466826   12334513    7627525    6075411   50504275
  Det20170725_092526_STGS     1.5000  120402779    8562667    9305421    9254672  147525540
  Det20170725_092527_STGS     1.5000  126303113   16493220    8361717    7891193  159049244
  Det20170725_092528_STGS     1.5000   21147698   14798584   12909698   11638938   60494919
  Det20170725_092529_STGS     1.5000   16182940   12793927    4909652    4891228   38777747
  Det20170725_092530_STGS     1.5000  105622457   17823056   11603660   11295911  146345083
  Det20170725_092531_STGS     1.5000   11326507   10400632    3315640    2826322   27869101
  Det20170725_092532_STGS     1.5000   68189146   28602915    9857808    5509767  112159635
  Det20170725_092533_STGS     1.5000   17397675   15915861    4805860    4013418   42132814
  Det20170725_092534_STGS     1.5000   67176143   21164582    5624258    5166425   99131408
  Det20170725_092535_STGS     1.5000   23498376   13447279    3401782    3241520   43588957
  Det20170725_092536_STGS     1.5000   12287472   13428214    8793474    8269445   42778605
  Det20170725_092537_STGS     1.5000  147786072    9591866    3520527    3666444  164564910
  Det20170725_092538_STGS     1.5000   16210433   11611249    3567346    3492708   34881736
  Det20170725_092539_STGS     1.5000   70315417   19442972    2881565    2813218   95453172
