356781750.0
319944000.0
340358250.0
344738250.0
274581750.0
348686250.0
321409500.0
305120250.0
325821750.0
330299250.0
354245250.0
321671250.0
345255000.0
339240000.0
338657250.0
353959500.0
317210250.0
377229000.0
361692750.0
364848750.0
335711250.0
324069750.0
342203250.0
340465500.0
321753000.0
358152000.0
358549500.0
342755250.0
341262750.0
330964500.0
342321000.0
352944000.0
360732750.0
302141250.0
359016000.0
361735500.0
315746250.0
325968000.0
341466750.0
341788500.0
330143250.0
332848500.0
345609750.0
317079750.0
333471000.0
358389000.0
330930750.0
324087000.0
335124750.0
302136000.0
338496000.0
362205750.0
353128500.0
338575500.0
369069750.0
351580500.0
324027000.0
345896250.0
351657000.0
345471750.0
357523500.0
322632000.0
330927750.0
341523000.0
347431500.0
319667250.0
318738750.0
345722250.0
335624250.0
325365000.0
319327500.0
325109250.0
348456750.0
333227250.0
346537500.0
348687000.0
330804750.0
324888000.0
327185250.0
347780250.0
344987250.0
340081500.0
336099750.0
359355000.0
353576250.0
341520000.0
335849250.0
346684500.0
342739500.0
358317000.0
330318000.0
342495000.0
293931000.0
302844000.0
350898000.0
323544000.0
339408000.0
314856000.0
