   Det20170723_093928_SGS     2.0000  615074611  429591004  390684683  370408110 1805758408
   Det20170723_093929_SGS     0.0000  286341790  286558259  286460687  286593866 1145954601
   Det20170723_093930_SGS     0.0000  310011500  310817072  309808835  309062407 1239699814
   Det20170723_093931_SGS     0.0000  316999982  316580362  317176590  317921488 1268678421
   Det20170723_093932_SGS     0.0000  309890498  310175282  309973642  309680461 1239719882
   Det20170723_093933_SGS     0.0000  320235488  320314587  319392471  318151868 1278094415
   Det20170723_093934_SGS     0.0000  303434431  303687231  302896564  301976402 1211994629
   Det20170723_093936_SGS     0.0000  307529114  308548572  306912737  304472569 1227462992
   Det20170723_093937_SGS     0.0000  292564789  293090063  292763295  292202876 1170621023
   Det20170723_093938_SGS     0.0000  324123223  323844275  323567614  322499647 1294034758
   Det20170723_093939_SGS     0.0000  309640708  309537916  310031574  311246896 1240457093
   Det20170723_093940_SGS     0.0000  314337802  314261653  315012463  315143986 1258755904
   Det20170723_093941_SGS     0.0000  292064439  292024869  293055217  294816209 1171960734
   Det20170723_093942_SGS     0.0000  304276634  303631158  303696963  303537584 1215142338
   Det20170723_093943_SGS     0.0000  276969063  277671354  277878861  278957894 1111477172
   Det20170723_093944_SGS     0.0000  330357035  329910386  329964385  329881873 1320113678
   Det20170723_093945_SGS     0.0000  315552696  315978521  315518192  314688684 1261738092
   Det20170723_093946_SGS     0.0000  273967971  273738102  274392144  275462914 1097561130
   Det20170723_093947_SGS     0.0000  311407177  312094435  310809401  309940101 1244251114
   Det20170723_093948_SGS     0.0000  314201247  314011312  313891948  313236780 1255341287
   Det20170723_093950_SGS     0.0000  320339896  321096402  319935432  318857443 1280229173
   Det20170723_093951_SGS     0.0000  335549797  335734758  334199391  332230390 1337714336
   Det20170723_093952_SGS     0.0000  323885539  323337421  323708424  323367157 1294298542
   Det20170723_093953_SGS     0.0000  290212934  290947509  290228844  289533787 1160923075
   Det20170723_093954_SGS     0.0000  312810524  313331205  312535953  310985412 1249663094
   Det20170723_093955_SGS     0.0000  313833331  314367842  314332902  314677173 1257211247
   Det20170723_093956_SGS     0.0000  315693405  315064399  316180700  317499139 1264437643
   Det20170723_093957_SGS     0.0000  288504132  289286878  289077652  288632587 1155501248
   Det20170723_093958_SGS     0.0000  327541642  327649306  327483586  327818102 1310492636
   Det20170723_093959_SGS     0.0000  299452713  299675030  298995573  298463133 1196586448
   Det20170723_094000_SGS     0.0000  293329826  293842549  292544618  290937035 1170654028
   Det20170723_094001_SGS     0.0000  300583291  300898271  300537334  300375818 1202394714
   Det20170723_094003_SGS     0.0000  305421337  305247718  304690332  303076105 1218435492
   Det20170723_094004_SGS     0.0000  321458279  322184006  319760773  316878224 1280281282
   Det20170723_094005_SGS     0.0000  292593900  293379490  293046558  292728381 1171748328
   Det20170723_094006_SGS     0.0000  309768216  309836621  309117352  308956859 1237679048
   Det20170723_094007_SGS     0.0000  297683520  296927398  297330167  297001713 1188942798
   Det20170723_094008_SGS     0.0000  294995543  295086456  295333711  295306267 1180721977
   Det20170723_094009_SGS     0.0000  301400444  301458526  301760698  302034198 1206653866
   Det20170723_094010_SGS     0.0000  315485967  315660588  315297775  315220294 1261664625
   Det20170723_094011_SGS     0.0000  326713116  326545589  325459980  324276718 1302995403
   Det20170723_094012_SGS     0.0000  303134173  302638548  302010681  300950281 1208733683
   Det20170723_094013_SGS     0.0000  334108057  333713257  332677471  329942268 1330441053
   Det20170723_094014_SGS     0.0000  296586172  296490633  296410813  296232288 1185719906
   Det20170723_094015_SGS     0.0000  293169910  292932528  291560804  288906696 1166569939
   Det20170723_094017_SGS     0.0000  334216724  333759687  332732658  330969428 1331678497
   Det20170723_094018_SGS     0.0000  300752882  301189597  300129574  299387020 1201459073
   Det20170723_094019_SGS     0.0000  302264350  302484247  302753181  303848818 1211350596
   Det20170723_094020_SGS     0.0000  299971790  300330999  298827850  296658706 1195789345
   Det20170723_094021_SGS     0.0000  326681188  325770969  325900884  325588990 1303942031
   Det20170723_094022_SGS     0.0000  315464321  315691440  313987539  311669312 1256812612
   Det20170723_094023_SGS     0.0000  303729618  304667342  303850159  302821572 1215068691
   Det20170723_094024_SGS     0.0000  333151815  332451662  332943933  333094316 1331641726
   Det20170723_094025_SGS     0.0000  316161457  316400855  315041156  313566087 1261169555
   Det20170723_094026_SGS     0.0000  320948241  321228585  320757337  320199972 1283134135
   Det20170723_094027_SGS     0.0000  313798316  313137966  314022763  314333274 1255292319
   Det20170723_094028_SGS     0.0000  315793213  315969451  315908494  316750376 1264421534
   Det20170723_094030_SGS     0.0000  282753873  282951996  282985269  283189271 1131880409
   Det20170723_094031_SGS     0.0000  325739630  326177127  326713687  327338230 1305968674
   Det20170723_094032_SGS     0.0000  317584812  317412129  316760008  315540717 1267297666
   Det20170723_094033_SGS     0.0000  295127787  295762007  294784337  293316681 1178990812
   Det20170723_094034_SGS     0.0000  312013937  312047758  311947939  311660157 1247669791
   Det20170723_094035_SGS     0.0000  276298509  277173898  275896135  275205381 1104573922
   Det20170723_094036_SGS     0.0000  287618515  287370420  287534053  287503625 1150026614
   Det20170723_094037_SGS     0.0000  299655433  299462636  298915592  296963639 1194997300
   Det20170723_094038_SGS     0.0000  298276547  298252587  298893114  300215925 1195638173
   Det20170723_094039_SGS     0.0000  319183949  319328860  318417475  317063507 1273993790
   Det20170723_094040_SGS     0.0000  352183512  351858472  351080611  350041302 1405163898
   Det20170723_094041_SGS     0.0000  290533921  292010988  289965882  287324361 1159835151
   Det20170723_094043_SGS     0.0000  335228721  335285073  334855804  334642081 1340011679
   Det20170723_094044_SGS     0.0000  321961751  321337190  320966813  320784597 1285050350
   Det20170723_094045_SGS     0.0000  316333271  316943436  315478763  313781005 1262536476
   Det20170723_094046_SGS     0.0000  322379157  321538511  321473088  320796515 1286187270
   Det20170723_094047_SGS     0.0000  305912308  305598615  305265369  304580266 1221356558
   Det20170723_094048_SGS     0.0000  316193092  316311586  316150143  315791035 1264445856
   Det20170723_094049_SGS     0.0000  313513360  313522476  314469957  315140791 1256646584
   Det20170723_094050_SGS     0.0000  331148396  330197277  330112031  329395751 1320853455
   Det20170723_094051_SGS     0.0000  329846557  329733563  329467470  328767575 1317815165
   Det20170723_094052_SGS     0.0000  310034254  309467403  309086144  307993291 1236581093
   Det20170723_094053_SGS     0.0000  316843319  316563714  317157238  318130017 1268694288
   Det20170723_094054_SGS     0.0000  328424045  328895641  327948845  326567009 1311835539
   Det20170723_094056_SGS     0.0000  338217764  338512990  339109615  339406822 1355247191
   Det20170723_094057_SGS     0.0000  304471471  303951569  304680689  304896535 1218000263
   Det20170723_094058_SGS     0.0000  323186534  323693423  323131326  321775398 1291786682
   Det20170723_094059_SGS     0.0000  294952757  296276636  295527532  295245836 1182002760
   Det20170723_094100_SGS     0.0000  314504569  314046678  313558516  313481552 1255591315
   Det20170723_094101_SGS     0.0000  316300242  316233856  316263420  316385604 1265183122
   Det20170723_094102_SGS     0.0000  319251607  318879634  318459969  317814813 1274406024
   Det20170723_094103_SGS     0.0000  296142011  295768219  295597977  295617157 1183125364
   Det20170723_094104_SGS     0.0000  270200968  269992734  269899400  269756502 1079849604
   Det20170723_094105_SGS     0.0000  346502324  346570055  346394935  345417904 1384885218
   Det20170723_094106_SGS     0.0000  329266304  328828058  329768436  330975833 1318838632
   Det20170723_094107_SGS     0.0000  310271368  309566809  311088135  312576135 1243502447
   Det20170723_094108_SGS     0.0000  312901217  313018514  312643169  311608873 1250171774
   Det20170723_094110_SGS     0.0000  321063205  321000494  320718239  320734954 1283516891
   Det20170723_094111_SGS     0.0000  355523584  355050413  354283236  353065796 1417923029
   Det20170723_094112_SGS     0.0000  338704622  338346036  338442598  337587658 1353080914
   Det20170723_094113_SGS     0.0000  298761993  294299398  293157299  284678875 1170897565
