350767500.0
351192750.0
331488750.0
307596000.0
313753500.0
323406750.0
330036000.0
347126250.0
347924250.0
352694250.0
354945750.0
346640250.0
340131000.0
329407500.0
314023500.0
338687250.0
361407000.0
336525750.0
349846500.0
322678500.0
316149000.0
341282250.0
317513250.0
284915250.0
330211500.0
318091500.0
359187750.0
329934000.0
332152500.0
334610250.0
336907500.0
342687000.0
333702000.0
321949500.0
324195750.0
331476000.0
352750500.0
328604250.0
340033500.0
322697250.0
382161000.0
353388000.0
324396750.0
323238000.0
319960500.0
352499250.0
344627250.0
335392500.0
358850250.0
316793250.0
347988750.0
359232750.0
318447750.0
343280250.0
324179250.0
358659000.0
350423250.0
313174500.0
329808750.0
353334000.0
330859500.0
337533750.0
323408250.0
323948250.0
333550500.0
335487750.0
315356250.0
321864750.0
345807000.0
341778750.0
378476250.0
334790250.0
344859000.0
335590500.0
323389500.0
359087250.0
339846750.0
327583500.0
354972750.0
383796750.0
340820250.0
342058500.0
341832000.0
341242500.0
326850750.0
347361750.0
337389750.0
336158250.0
351806250.0
335682750.0
330015000.0
309125250.0
336135000.0
329529000.0
338358000.0
313510500.0
303747000.0
