327240750.0
303230250.0
358842750.0
323049750.0
343912500.0
360380250.0
305894250.0
319017000.0
354741750.0
345548250.0
321058500.0
357282000.0
333951000.0
333825000.0
317058750.0
329927250.0
316116750.0
332090250.0
321550500.0
338081250.0
328893750.0
344467500.0
345342750.0
330588750.0
351090000.0
314711250.0
315875250.0
335361750.0
336972750.0
337548750.0
311546250.0
325734000.0
323472000.0
338484000.0
361990500.0
341749500.0
329994750.0
318890250.0
325997250.0
343299750.0
326485500.0
340335750.0
359547000.0
307878750.0
347994750.0
341764500.0
315118500.0
338163000.0
337011750.0
339435000.0
352921500.0
344029500.0
355351500.0
322513500.0
324677250.0
360369000.0
338611500.0
311037750.0
340595250.0
317790000.0
325411500.0
356304750.0
365448750.0
351126000.0
350325750.0
346338750.0
313260750.0
351495000.0
339054750.0
355069500.0
334794750.0
366681750.0
338183250.0
310871250.0
334552500.0
340782000.0
339844500.0
341100750.0
319970250.0
344852250.0
310226250.0
342665250.0
341639250.0
306084750.0
341351250.0
369099750.0
332373750.0
321519750.0
368715750.0
337329000.0
332574000.0
332826750.0
328034250.0
345701250.0
340053750.0
362457750.0
321027750.0
328984500.0
