357819750.0
354535500.0
343962000.0
327150750.0
362304750.0
279186750.0
307157250.0
331172250.0
308816250.0
314328000.0
317220000.0
342250500.0
341351250.0
308669250.0
302028000.0
327343500.0
321657000.0
334456500.0
292231500.0
340303500.0
343145250.0
324336000.0
322466250.0
344101500.0
340984500.0
352321500.0
362046750.0
354607500.0
325023000.0
336036000.0
367553250.0
325825500.0
323157000.0
368391750.0
358896750.0
316202250.0
350289750.0
340545000.0
340710000.0
333894750.0
348152250.0
324679500.0
356734500.0
332505750.0
352672500.0
362625750.0
318477750.0
323635500.0
306548250.0
322929750.0
321231750.0
350999250.0
331293000.0
328077000.0
352917000.0
309393750.0
343379250.0
335427000.0
344115000.0
358464000.0
323665500.0
334455750.0
339958500.0
333567000.0
366161250.0
361013250.0
337863000.0
328810500.0
330640500.0
332592750.0
331659000.0
346219500.0
331024500.0
336533250.0
351261750.0
317316000.0
344209500.0
330237000.0
336380250.0
324000000.0
318451500.0
324259500.0
309237000.0
295154250.0
316544250.0
355888500.0
339647250.0
327141000.0
334220250.0
378564750.0
337032000.0
328335000.0
331092000.0
346242000.0
368079000.0
332910750.0
323634750.0
