354216000.0
333703500.0
346647000.0
340164750.0
364880250.0
335427750.0
353784000.0
356828250.0
340945500.0
335182500.0
319521000.0
343765500.0
326188500.0
357857250.0
318959250.0
339168750.0
331671000.0
343029750.0
331735500.0
310792500.0
346056000.0
337623750.0
355973250.0
332010750.0
362271000.0
349938750.0
358452750.0
332595750.0
343242750.0
329789250.0
335267250.0
349785000.0
331546500.0
315310500.0
352871250.0
335307750.0
317925750.0
336742500.0
325210500.0
345369750.0
355965000.0
325365750.0
349245000.0
332885250.0
307876500.0
338051250.0
333130500.0
329001750.0
329847000.0
343773000.0
362200500.0
335046000.0
309519750.0
331835250.0
328476750.0
332983500.0
337280250.0
328890000.0
338687250.0
380530500.0
334676250.0
306762750.0
323256000.0
349488000.0
308533500.0
353076750.0
332327250.0
333311250.0
345261750.0
326880750.0
369422250.0
321444000.0
342223500.0
346034250.0
316179750.0
354416250.0
337842750.0
334033500.0
326215500.0
315059250.0
342108750.0
355638000.0
335125500.0
350142750.0
337962000.0
336663750.0
367126500.0
327200250.0
314817000.0
350292750.0
321574500.0
331970250.0
357376500.0
300285000.0
332301000.0
329742750.0
344136750.0
355037250.0
