354249750.0
324203250.0
339837000.0
347355000.0
346827750.0
348771750.0
339451500.0
339442500.0
328736250.0
356458500.0
341382750.0
346035000.0
332009250.0
322854000.0
306006750.0
357162750.0
345317250.0
302799750.0
347055750.0
339498000.0
351905250.0
358075500.0
343634250.0
329340750.0
338085000.0
350666250.0
346329000.0
341548500.0
354726750.0
329220750.0
311381250.0
323091000.0
314529000.0
344850750.0
321401250.0
343077000.0
320129250.0
327497250.0
337207500.0
348628500.0
341822250.0
320519250.0
339256500.0
324999750.0
315479250.0
340863750.0
332498250.0
338751000.0
326091750.0
346127250.0
327987750.0
337824000.0
345875250.0
349178250.0
356484750.0
347806500.0
340023750.0
319482000.0
360781500.0
337023750.0
322322250.0
349350750.0
300945750.0
302040000.0
317158500.0
327063000.0
332749500.0
375211500.0
316444500.0
352904250.0
325688250.0
343925250.0
344166000.0
323217000.0
336918750.0
348122250.0
329325750.0
349432500.0
318382500.0
347586750.0
371121000.0
366501000.0
325060500.0
353240250.0
334620000.0
336745500.0
348318000.0
333591750.0
322571250.0
290046000.0
365736750.0
358391250.0
350769000.0
336658500.0
339203250.0
370383000.0
357421500.0
338736000.0
