  Det20170722_223611_STGS     2.5000 26773782314599 15081285253 1534976898  403124755 26790801701505
  Det20170722_223612_STGS     0.0000  321564634  321487269  321624541  321279321 1285955765
  Det20170722_223614_STGS     0.0000  296094612  296418564  297035942  298081975 1187631092
  Det20170722_223615_STGS     0.0000  309173154  308583939  308557457  308714439 1235028988
  Det20170722_223617_STGS     0.0000  299568596  299753245  299726409  299860533 1198908782
  Det20170722_223618_STGS     0.0000  285129434  285624719  286525814  287323965 1144603932
  Det20170722_223620_STGS     0.0000  313332406  313529144  313405581  313179495 1253446625
  Det20170722_223621_STGS     0.0000  322516892  322634242  323564959  323605764 1292321857
  Det20170722_223623_STGS     0.0000  304491353  305208207  305842701  306760204 1222302464
  Det20170722_223624_STGS     0.0000  295283792  295461764  296475740  296979624 1184200920
  Det20170722_223626_STGS     0.0000  298747491  298969633  299394769  300261210 1197373103
  Det20170722_223627_STGS     0.0000  305822925  305807621  305825040  306153120 1223608706
  Det20170722_223629_STGS     0.0000  302057395  302271760  303099455  303861429 1211290038
  Det20170722_223630_STGS     0.0000  260293250  260122543  260760067  261639769 1042815629
  Det20170722_223632_STGS     0.0000  285604503  285895047  286861140  287534896 1145895586
  Det20170722_223633_STGS     0.0000  285539083  285651537  286182926  286444891 1143818436
  Det20170722_223635_STGS     0.0000  307799153  307627421  308739117  310149205 1234314895
  Det20170722_223636_STGS     0.0000  303441516  303458885  303571586  304501769 1214973756
  Det20170722_223638_STGS     0.0000  333569559  333433309  333678931  333112983 1333794781
  Det20170722_223639_STGS     0.0000  295044399  295333472  295093800  294854550 1180326221
  Det20170722_223641_STGS     0.0000  306062416  306222060  306853286  307590650 1226728412
  Det20170722_223642_STGS     0.0000  287523649  287133767  287211058  286601551 1148470026
  Det20170722_223644_STGS     0.0000  314853286  314788187  315991468  317154870 1262787812
  Det20170722_223645_STGS     0.0000  279541089  279669162  279375521  279542525 1118128297
  Det20170722_223647_STGS     0.0000  303636514  304285105  304836304  305810142 1218568066
  Det20170722_223648_STGS     0.0000  309657741  309429802  309892765  310790822 1239771130
  Det20170722_223650_STGS     0.0000  309479357  309527295  309557638  309757510 1238321801
  Det20170722_223651_STGS     0.0000  315405066  315187247  315014756  314538736 1260145805
  Det20170722_223653_STGS     0.0000  294727827  294773440  294570013  294213165 1178284445
  Det20170722_223654_STGS     0.0000  325046480  325154948  325768804  327274847 1303245079
  Det20170722_223656_STGS     0.0000  286111922  286401059  286543100  287203225 1146259307
  Det20170722_223657_STGS     0.0000  288126304  288123645  288600584  289218853 1154069385
  Det20170722_223659_STGS     0.0000  330323938  330041101  330233744  330909559 1321508342
  Det20170722_223700_STGS     0.0000  320822693  320641449  321209995  321019341 1283693478
  Det20170722_223702_STGS     0.0000  289019480  289197423  289865093  290141669 1158223666
  Det20170722_223703_STGS     0.0000  302441767  302300608  302021092  301663286 1208426753
  Det20170722_223705_STGS     0.0000  311519721  310993570  312472917  314728384 1249714592
  Det20170722_223706_STGS     0.0000  308336157  308335394  308247482  307866361 1232785394
  Det20170722_223708_STGS     0.0000  292449979  292657156  292466607  292048847 1169622589
  Det20170722_223710_STGS     0.0000  323114543  323342966  323731921  324079934 1294269364
  Det20170722_223711_STGS     0.0000  331394287  331438354  331894375  332068128 1326795145
  Det20170722_223713_STGS     0.0000  332898990  333099367  333686596  333516294 1333201247
  Det20170722_223714_STGS     0.0000  301588345  302318668  302929600  304119609 1210956222
  Det20170722_223716_STGS     0.0000  310085619  310085428  310408940  310444759 1241024746
  Det20170722_223717_STGS     0.0000  299618053  299712680  299619454  299864529 1198814717
  Det20170722_223719_STGS     0.0000  291273578  291278277  291700284  292026021 1166278160
  Det20170722_223721_STGS     0.0000  317116207  317543372  317310668  316813251 1268783497
  Det20170722_223722_STGS     0.0000  292294048  292182070  292413978  292702445 1169592540
  Det20170722_223724_STGS     0.0000  318661815  318901378  318742871  319451615 1275757679
  Det20170722_223725_STGS     0.0000  296249071  296061226  296243217  296371489 1184925003
  Det20170722_223727_STGS     0.0000  319043378  319553714  319896538  320287246 1278780877
  Det20170722_223728_STGS     0.0000  320984768  321076078  321216081  321635156 1284912084
  Det20170722_223730_STGS     0.0000  310089057  309963314  310898875  311831199 1242782445
  Det20170722_223731_STGS     0.0000  284836818  285468995  286168209  286727593 1143201616
  Det20170722_223733_STGS     0.0000  329924430  330458328  330774804  331930970 1323088532
  Det20170722_223734_STGS     0.0000  321260290  321413591  322433385  323125248 1288232515
  Det20170722_223736_STGS     0.0000  303195716  303655499  304448003  305139747 1216438965
  Det20170722_223737_STGS     0.0000  290529520  291540844  292438322  293946673 1168455359
  Det20170722_223739_STGS     0.0000  291944057  292412464  291974001  291857839 1168188361
  Det20170722_223740_STGS     0.0000  297091444  297185562  298547273  299277996 1192102274
  Det20170722_223742_STGS     0.0000  289167114  289485319  290525787  291623127 1160801347
  Det20170722_223743_STGS     0.0000  311474291  312270709  312094121  312369926 1248209046
  Det20170722_223745_STGS     0.0000  309965152  309949048  309882546  308833037 1238629783
  Det20170722_223746_STGS     0.0000  325412167  325312011  326095705  326810271 1303630154
  Det20170722_223748_STGS     0.0000  315574847  315522353  315850690  316458862 1263406752
  Det20170722_223749_STGS     0.0000  317499182  318037937  317788470  317578915 1270904504
  Det20170722_223751_STGS     0.0000  285681014  286397674  287629009  289015222 1148722918
  Det20170722_223752_STGS     0.0000  299882448  299882014  300440049  300931257 1201135769
  Det20170722_223754_STGS     0.0000  290956264  291635968  292549641  294120545 1169262418
  Det20170722_223755_STGS     0.0000  305326575  305716546  305874053  305752278 1222669453
  Det20170722_223757_STGS     0.0000  327252811  327362432  328151562  329035961 1311802766
  Det20170722_223758_STGS     0.0000  318093895  318541001  318696526  318616225 1273947647
  Det20170722_223800_STGS     0.0000  299689648  299638969  299461601  299827266 1198617484
  Det20170722_223801_STGS     0.0000  297759384  298238342  299583032  301022735 1196603493
  Det20170722_223803_STGS     0.0000  291975595  292068083  292602305  293081938 1169727921
  Det20170722_223804_STGS     0.0000  318527977  318660184  318770327  318321715 1274280203
  Det20170722_223806_STGS     0.0000  281254737  281760540  283053718  284334517 1130403512
  Det20170722_223807_STGS     0.0000  333504776  333451299  333213147  332598372 1332767593
  Det20170722_223809_STGS     0.0000  307338575  307376699  308275036  309173722 1232164032
  Det20170722_223810_STGS     0.0000  285714228  285901617  286345422  287813108 1145774375
  Det20170722_223812_STGS     0.0000  295629898  296275025  296647300  296876965 1185429188
  Det20170722_223813_STGS     0.0000  273320285  273456812  273558415  273191193 1093526705
  Det20170722_223815_STGS     0.0000  326371614  326329760  326371971  325850826 1304924172
  Det20170722_223816_STGS     0.0000  285922465  286119244  285945593  286103229 1144090530
  Det20170722_223817_STGS     0.0000  281355929  281338259  282652282  284305429 1129651899
  Det20170722_223819_STGS     0.0000  321931538  322004040  322513315  322956168 1289405061
  Det20170722_223820_STGS     0.0000  266514503  266915144  267622832  268656079 1069708558
  Det20170722_223822_STGS     0.0000  292342355  292419217  293060469  293061960 1170884001
  Det20170722_223823_STGS     0.0000  254658290  255276450  255903027  256643076 1022480843
  Det20170722_223825_STGS     0.0000  281502012  281853179  282915605  283703817 1129974613
  Det20170722_223826_STGS     0.0000  314055542  314044341  314058655  314081711 1256240249
  Det20170722_223828_STGS     0.0000  340659352  340749243  340247269  339194415 1360850278
  Det20170722_223829_STGS     0.0000  298086125  298138271  298223189  298268416 1192716002
  Det20170722_223831_STGS     0.0000  289702450  290052462  291146026  292532771 1163433710
  Det20170722_223832_STGS     0.0000  314164867  313747802  314114276  314609972 1256636916
  Det20170722_223834_STGS     0.0000  299837395  300136317  300899973  301835046 1202708731
  Det20170722_223835_STGS     0.0000  293091394  293484190  293878245  294626867 1175080697
  Det20170722_223837_STGS     0.0000  304926803  305261176  305880045  303864461 1219932486
