  Det20171016_180926_STGS     0.5000    5762779   12109844    9437481    9327818   36637922
  Det20171016_180927_STGS     0.5000    5568603   10185699    9299773    9273006   34327081
  Det20171016_180928_STGS     0.5000    5514262    8944233    9077056    9190050   32725601
  Det20171016_180929_STGS     0.5000    5656433    8326269    8765326    9073665   31821693
  Det20171016_180930_STGS     0.5000    5661061    7839566    8432167    8910001   30842795
  Det20171016_180931_STGS     0.5000    4882095    7239274    8057405    8665064   28843838
  Det20171016_180932_STGS     0.5000    4259185    6772703    7689157    8364349   27085394
  Det20171016_180933_STGS     0.5000    3561833    6456079    7409108    8222813   25649834
  Det20171016_180934_STGS     0.5000    3369718    6319465    7421577    8191024   25301785
  Det20171016_180935_STGS     0.5000    4070424    6458367    7434693    8348620   26312104
  Det20171016_180936_STGS     0.5000    4968786    6867239    7671615    8321515   27829155
  Det20171016_180937_STGS     0.5000    6028644    7195977    7672319    8056344   28953284
  Det20171016_180938_STGS     0.5000    7650538    7920679    7937731    7947398   31456346
  Det20171016_180939_STGS     0.5000   10118704    9116133    8676070    8291301   36202207
