  Det20171016_123748_STGS     0.0000   26035255   24898526   11581283   10489378   73004442
  Det20171016_123749_STGS     0.0000   18103171   16188595   11240788   10341172   55873725
  Det20171016_123750_STGS     0.0000   13345992   12167646   10704688   10099290   46317617
  Det20171016_123751_STGS     0.0000   10674868   10331820    9943909    9685287   40635884
  Det20171016_123752_STGS     0.0000    9416053    9418509    9331336    9230669   37396568
  Det20171016_123753_STGS     0.0000    9148439    9149721    9054098    8936849   36289107
  Det20171016_123754_STGS     0.0000    9128105    9108970    8980048    8863676   36080799
  Det20171016_123755_STGS     0.0000    9059688    9062872    8943661    8826243   35892465
  Det20171016_123756_STGS     0.0000    8912491    8896680    8838918    8800934   35449023
  Det20171016_123757_STGS     0.0000    8753096    8765779    8758276    8706887   34984039
  Det20171016_123758_STGS     0.0000    8722243    8713722    8677088    8687424   34800478
  Det20171016_123759_STGS     0.0000    8777186    8781670    8720061    8728780   35007698
  Det20171016_123800_STGS     0.0000    8862289    8852398    8807246    8807605   35329539
  Det20171016_123801_STGS     0.0000    8847155    8806351    8730920    8665357   35049782
