  Det20171015_225914_STGS     0.0000   22859872   22012843   10828816    9876407   65577939
  Det20171015_225915_STGS     0.0000   16076362   14656164   10516110    9741221   50989858
  Det20171015_225916_STGS     0.0000   12071794   11179864   10050466    9537688   42839811
  Det20171015_225917_STGS     0.0000   10033424    9827101    9545508    9270759   38676792
  Det20171015_225918_STGS     0.0000    9497158    9440313    9242760    9071350   37251581
  Det20171015_225919_STGS     0.0000    9208873    9204259    9075184    8933418   36421736
  Det20171015_225920_STGS     0.0000    9054054    9059857    8971232    8869901   35955044
  Det20171015_225921_STGS     0.0000    8974808    8996334    8914273    8812841   35698256
  Det20171015_225922_STGS     0.0000    8878846    8862561    8807200    8774335   35322942
  Det20171015_225923_STGS     0.0000    8724241    8728742    8704817    8641550   34799350
  Det20171015_225924_STGS     0.0000    8699013    8685654    8636571    8633289   34654528
  Det20171015_225925_STGS     0.0000    8796701    8802580    8746899    8764261   35110441
  Det20171015_225926_STGS     0.0000    8667685    8660163    8623577    8608389   34559814
  Det20171015_225927_STGS     0.0000    8506373    8454825    8378955    8314622   33654775
