  Det20170721_233923_STGS     0.5000   62622165   73677561   76021819   76517938  288839483
  Det20170721_233925_STGS     0.5000   36576449   47622187   51771502   55271442  191241579
  Det20170721_233926_STGS     0.5000   52278519   65178375   69542748   72166416  259166059
  Det20170721_233927_STGS     0.5000   72163577   71982924   72939140   74310686  291396327
  Det20170721_233928_STGS     0.5000   47880069   57803288   62615814   66417648  234716819
  Det20170721_233929_STGS     0.5000   57374125   66522133   70275575   73710002  267881835
  Det20170721_233930_STGS     0.5000   36407747   51212712   56358957   60092408  204071824
  Det20170721_233931_STGS     0.5000   30141024   46224838   55462474   62771059  194599396
  Det20170721_233932_STGS     0.5000   48411948   56336630   60215762   63504575  228468915
  Det20170721_233933_STGS     0.5000   38089606   46158465   49617732   52038728  185904531
  Det20170721_233934_STGS     0.5000   36049099   51178336   56190139   60080417  203497991
  Det20170721_233935_STGS     0.5000   50984614   59743239   64740698   69110338  244578888
  Det20170721_233936_STGS     0.5000   55836548   71255191   76530738   80346283  283968760
  Det20170721_233937_STGS     0.5000   68200672   69822321   72014719   73624615  283662327
  Det20170721_233938_STGS     0.5000   33513588   46512244   52061476   56807013  188894322
  Det20170721_233939_STGS     0.5000   73877395   67695451   71992390   74976821  288542058
  Det20170721_233941_STGS     0.5000   50229829   54300096   62670646   70337903  237538474
  Det20170721_233942_STGS     0.5000   60134055   66988707   70618629   73840018  271581410
  Det20170721_233943_STGS     0.5000   58511901   66426836   71425276   75687498  272051511
  Det20170721_233944_STGS     0.5000   44242335   46019330   51180162   56086477  197528303
  Det20170721_233945_STGS     0.5000   48685048   64837550   71148881   75777656  260449135
  Det20170721_233946_STGS     0.5000   38670528   48888711   54628185   60415789  202603214
  Det20170721_233947_STGS     0.5000   68166291   73618388   77804060   81061913  300650652
  Det20170721_233948_STGS     0.5000   72820604   70563183   73173985   74668216  291225989
  Det20170721_233949_STGS     0.5000   45984579   55660303   59017595   60157538  220820016
  Det20170721_233950_STGS     0.5000   80030621   77453443   78597625   79763106  315844795
  Det20170721_233951_STGS     0.5000   50062990   60836397   65383530   67870827  244153743
  Det20170721_233952_STGS     0.5000   58256794   68825905   72566861   74798611  274448171
  Det20170721_233953_STGS     0.5000   28463790   45357188   53513965   58812172  186147115
  Det20170721_233954_STGS     0.5000   26415703   42465770   50890433   58390280  178162186
  Det20170721_233955_STGS     0.5000   73097482   76563987   81396414   83850435  314908318
  Det20170721_233956_STGS     0.5000   41870895   58031475   63718039   67687199  231307608
  Det20170721_233958_STGS     0.5000   33300388   48882819   54256255   58282391  194721854
  Det20170721_233959_STGS     0.5000   55284381   70966338   74799921   76599749  277650390
  Det20170721_234000_STGS     0.5000   32554151   43323679   51740501   58523987  186142318
  Det20170721_234001_STGS     0.5000   43770080   58376997   64345845   68302438  234795360
  Det20170721_234002_STGS     0.5000   52970533   60153205   63844086   67527762  244495586
  Det20170721_234003_STGS     0.5000   38316741   50049002   56466173   62020614  206852530
  Det20170721_234004_STGS     0.5000   53633689   51700227   56446474   60426039  222206430
  Det20170721_234005_STGS     0.5000   38974648   52315272   58499921   63569454  213359294
  Det20170721_234006_STGS     0.5000   62212140   64856363   66373378   67037860  260479741
  Det20170721_234007_STGS     0.5000   54586343   69241075   75388671   78958867  278174954
  Det20170721_234008_STGS     0.5000   27497101   40149924   46571776   52339433  166558234
  Det20170721_234009_STGS     0.5000   44257137   55428608   62251508   67638802  229576055
  Det20170721_234010_STGS     0.5000   54867013   64139730   69133523   71811028  259951294
  Det20170721_234011_STGS     0.5000   48753081   57752169   62890311   68178260  237573821
  Det20170721_234013_STGS     0.5000   37835213   51553719   57324807   62239271  208953010
  Det20170721_234014_STGS     0.5000   67655344   66971496   68322349   69023742  271972931
  Det20170721_234015_STGS     0.5000  122917156  107454804  104546709  101432227  436350895
  Det20170721_234016_STGS     0.5000   61951423   70796227   73786609   75557062  282091321
  Det20170721_234017_STGS     0.5000   50211893   53669214   56558040   58477065  218916211
  Det20170721_234018_STGS     0.5000   30757637   45057923   52091116   58109766  186016442
  Det20170721_234019_STGS     0.5000   99366652   81706596   79807518   79045650  339926416
  Det20170721_234020_STGS     0.5000   63748140   71280401   76213595   80765545  292007680
  Det20170721_234021_STGS     0.5000   47656801   51496711   54961724   58534454  212649689
  Det20170721_234022_STGS     0.5000   60946961   69635201   74701093   79759224  285042479
  Det20170721_234023_STGS     0.5000   72355829   77081041   80916119   83681911  314034900
  Det20170721_234024_STGS     0.5000   95469654   90675333   90522412   87635708  364303108
  Det20170721_234025_STGS     0.5000   62384115   68341800   72470160   75926185  279122260
  Det20170721_234027_STGS     0.5000   62278410   62910830   64564300   65876327  255629867
  Det20170721_234028_STGS     0.5000   89192272   83971652   86154541   87669619  346988084
  Det20170721_234029_STGS     0.5000   42588011   57627985   64606777   70293493  235116265
  Det20170721_234030_STGS     0.5000   65041518   75667170   77547799   78112543  296369030
  Det20170721_234031_STGS     0.5000   37939985   56099361   63106001   68099028  225244374
  Det20170721_234032_STGS     0.5000   77388576   80646163   80850719   80743627  319629084
  Det20170721_234033_STGS     0.5000   52437245   61437875   64721817   67307924  245904860
  Det20170721_234034_STGS     0.5000   25502413   40114308   47313998   54623056  167553774
  Det20170721_234035_STGS     0.5000   45131801   59525683   65877985   71096234  241631703
  Det20170721_234036_STGS     0.5000   77228019   72834974   72569838   72416131  295048962
  Det20170721_234037_STGS     0.5000   54679703   71536159   77808843   81386421  285411127
  Det20170721_234038_STGS     0.5000   53406725   59391599   62721959   65615053  241135335
  Det20170721_234039_STGS     0.5000   78760988   87491477   91165191   92757504  350175160
  Det20170721_234040_STGS     0.5000   67338293   70673965   71406564   71858162  281276984
  Det20170721_234041_STGS     0.5000   42222191   56485052   62608136   68987470  230302850
  Det20170721_234042_STGS     0.5000   73309547   66787724   67511123   69175702  276784096
  Det20170721_234044_STGS     0.5000   39302432   55006412   60344567   64495217  219148628
  Det20170721_234045_STGS     0.5000   48086540   59380882   61838895   63088787  232395105
  Det20170721_234046_STGS     0.5000   28108374   39780486   45828621   51420981  165138463
  Det20170721_234047_STGS     0.5000   62270301   64860864   66355808   67740332  261227305
  Det20170721_234048_STGS     0.5000   37634638   49724215   57207878   63205638  207772369
  Det20170721_234049_STGS     0.5000   58753916   65875207   69917969   73348314  267895406
  Det20170721_234050_STGS     0.5000   60618527   72264074   77158230   80783372  290824203
  Det20170721_234051_STGS     0.5000   34409951   46044431   50051908   52336507  182842797
  Det20170721_234052_STGS     0.5000   38650570   45553022   49277513   53080915  186562020
  Det20170721_234053_STGS     0.5000   54704676   64609343   67629035   69315724  256258778
  Det20170721_234054_STGS     0.5000   43087966   57802628   62317950   65470811  228679356
  Det20170721_234055_STGS     0.5000   73079054   76559206   81419090   84127237  315184587
  Det20170721_234056_STGS     0.5000   59020586   70633363   74514864   77224368  281393181
  Det20170721_234057_STGS     0.5000   27546516   42155942   49441272   56499166  175642896
  Det20170721_234058_STGS     0.5000   49146285   54648662   56841796   59121437  219758180
  Det20170721_234059_STGS     0.5000   47588887   58826149   63556267   66083991  236055294
  Det20170721_234101_STGS     0.5000   60164653   63821922   66342897   68730583  259060056
  Det20170721_234102_STGS     0.5000   56025342   60132819   65080829   69545303  250784293
  Det20170721_234103_STGS     0.5000   35954219   49986598   56900940   62561675  205403433
  Det20170721_234104_STGS     0.5000   59973324   68246696   70790127   72150388  271160536
  Det20170721_234105_STGS     0.5000   56020347   66275230   69614314   71800969  263710860
  Det20170721_234106_STGS     0.5000   61669698   67976543   70392316   71980471  272019028
  Det20170721_234107_STGS     0.5000   56846413   65916960   72420563   77827288  273011223
