83091000.0
67250250.0
65221500.0
62113500.0
85776750.0
68391000.0
61341000.0
66090750.0
75937500.0
75632250.0
69720750.0
95079000.0
84968250.0
73232250.0
79973250.0
78009750.0
63522750.0
77492250.0
65349000.0
72384000.0
76301250.0
82429500.0
79323750.0
92784750.0
71318250.0
66310500.0
81663750.0
69001500.0
81445500.0
72463500.0
70944000.0
72842250.0
81224250.0
58554750.0
70530750.0
84871500.0
68625750.0
72519750.0
74562750.0
70427250.0
77106000.0
59992500.0
75400500.0
66051000.0
76702500.0
74264250.0
74636250.0
85244250.0
70190250.0
68920500.0
69905250.0
67422750.0
78753000.0
63826500.0
82654500.0
77695500.0
83835750.0
74220000.0
72339000.0
74714250.0
77852250.0
69847500.0
63371250.0
61461000.0
87154500.0
83589000.0
75204750.0
69184500.0
85628250.0
73054500.0
84783750.0
71379750.0
76422750.0
63083250.0
74706750.0
74093250.0
78360750.0
65098500.0
70204500.0
84483000.0
65943750.0
81373500.0
71128500.0
74795250.0
67869750.0
81254250.0
79741500.0
74529750.0
74873250.0
83588250.0
77303250.0
79737000.0
71589000.0
74250000.0
82580250.0
79385250.0
75745500.0
86311500.0
