   Det20170722_195948_SGS     1.5000  508255343  373849119  348766369  336208326 1567079158
   Det20170722_195949_SGS     0.0000  300305587  300730837  299588023  297910063 1198534511
   Det20170722_195950_SGS     0.0000  280279283  280747928  279190900  277606521 1117824631
   Det20170722_195951_SGS     0.0000  254502747  255804704  255062047  255082039 1020451537
   Det20170722_195952_SGS     0.0000  287700343  287073984  286990906  286578126 1148343359
   Det20170722_195953_SGS     0.0000  330630592  330854463  328969808  326510186 1316965049
   Det20170722_195954_SGS     0.0000  269085025  268959965  268266514  267550547 1073862049
   Det20170722_195955_SGS     0.0000  320866831  320911708  319479339  317278950 1278536828
   Det20170722_195956_SGS     0.0000  308683817  309578310  307915467  305560308 1231737901
   Det20170722_195957_SGS     0.0000  324958167  324789968  323923153  322328440 1295999727
   Det20170722_195958_SGS     0.0000  294653212  294549115  294177198  293942413 1177321937
   Det20170722_195959_SGS     0.0000  312397090  312591022  313265530  313692827 1251946469
   Det20170722_200000_SGS     0.0000  291282582  291403752  290727991  289771465 1163185790
   Det20170722_200001_SGS     0.0000  269972882  269468992  270482078  271941778 1081865730
   Det20170722_200003_SGS     0.0000  329831722  330174808  329134271  328488399 1317629199
   Det20170722_200004_SGS     0.0000  312435315  312360316  312139651  312237053 1249172335
   Det20170722_200005_SGS     0.0000  328405921  328172169  328501035  328273350 1313352475
   Det20170722_200006_SGS     0.0000  297483027  297405682  297356535  297782565 1190027810
   Det20170722_200007_SGS     0.0000  335045069  334953540  333374089  331814005 1335186703
   Det20170722_200008_SGS     0.0000  304787512  304279395  303798524  302474294 1215339725
   Det20170722_200009_SGS     0.0000  316881982  318049579  317205126  315954450 1268091138
   Det20170722_200010_SGS     0.0000  318967632  319521081  317661333  315400495 1271550540
   Det20170722_200011_SGS     0.0000  313133192  313411967  312510779  310812510 1249868449
   Det20170722_200012_SGS     0.0000  303010203  302730040  303315166  303758045 1212813454
   Det20170722_200013_SGS     0.0000  311391604  311104877  310728468  309898747 1243123697
   Det20170722_200014_SGS     0.0000  307058347  307470138  307372604  307574147 1229475236
   Det20170722_200015_SGS     0.0000  311681937  312351379  312201115  312506429 1248740860
   Det20170722_200016_SGS     0.0000  345021364  345098180  344073706  341726950 1375920200
   Det20170722_200017_SGS     0.0000  312801863  314310040  311837413  308954735 1247904050
   Det20170722_200018_SGS     0.0000  316889801  316298160  316430039  316583602 1266201601
   Det20170722_200020_SGS     0.0000  311706418  311412434  311128577  310927632 1245175062
   Det20170722_200021_SGS     0.0000  349247013  349120188  347595877  345155191 1391118268
   Det20170722_200022_SGS     0.0000  318056580  317043661  318531669  319214770 1272846679
   Det20170722_200023_SGS     0.0000  283423597  283755725  283479726  283547308 1134206357
   Det20170722_200024_SGS     0.0000  303576968  303947146  302542373  300328776 1210395263
   Det20170722_200025_SGS     0.0000  325066454  324799299  322502009  319826545 1292194306
   Det20170722_200026_SGS     0.0000  284542784  284855817  283998245  282825269 1136222116
   Det20170722_200027_SGS     0.0000  316464150  316315779  316116757  315767359 1264664045
   Det20170722_200028_SGS     0.0000  323605321  323449582  323098607  322237697 1292391207
   Det20170722_200029_SGS     0.0000  315177751  314865496  313805910  312787033 1256636190
   Det20170722_200030_SGS     0.0000  333622261  333508934  331970506  330194918 1329296619
   Det20170722_200031_SGS     0.0000  340139969  339741332  340126025  340413879 1360421206
   Det20170722_200032_SGS     0.0000  317279082  317258501  316769956  315769074 1267076613
   Det20170722_200033_SGS     0.0000  301200385  301408734  301037610  300340246 1203986975
   Det20170722_200034_SGS     0.0000  313730096  313587434  313572692  313159987 1254050209
   Det20170722_200035_SGS     0.0000  301127306  301193329  301141096  300943405 1204405136
   Det20170722_200037_SGS     0.0000  335150267  335132341  334642616  334875620 1339800843
   Det20170722_200038_SGS     0.0000  315949890  315545416  314575892  313623465 1259694663
   Det20170722_200039_SGS     0.0000  333966245  334207720  333268721  332282478 1333725163
   Det20170722_200040_SGS     0.0000  298728533  299219957  299025827  299046481 1196020797
   Det20170722_200041_SGS     0.0000  315200505  315528170  315358525  315333528 1261420727
   Det20170722_200042_SGS     0.0000  317250140  316773654  317332334  317983646 1269339774
   Det20170722_200043_SGS     0.0000  310070510  308949472  310231293  311396827 1240648101
   Det20170722_200044_SGS     0.0000  324387030  324019486  322987676  321464381 1292858574
   Det20170722_200045_SGS     0.0000  321551433  321333750  319164990  315958739 1278008912
   Det20170722_200046_SGS     0.0000  301867307  301264571  302283114  302589608 1208004601
   Det20170722_200047_SGS     0.0000  305272563  304863945  303693206  302324881 1216154596
   Det20170722_200048_SGS     0.0000  335806388  335266518  333675084  330714790 1335462779
   Det20170722_200049_SGS     0.0000  308643077  308607607  308341766  307598692 1233191143
   Det20170722_200050_SGS     0.0000  352845102  351887250  352295969  352457679 1409486000
   Det20170722_200051_SGS     0.0000  347852285  346845253  347039329  346524792 1388261659
   Det20170722_200052_SGS     0.0000  324496133  323726007  324876064  325899543 1298997747
   Det20170722_200054_SGS     0.0000  290361580  290572613  290156450  290334431 1161425074
   Det20170722_200055_SGS     0.0000  328113805  327722498  327894569  327766573 1311497445
   Det20170722_200056_SGS     0.0000  286170120  285791376  285989602  285934452 1143885549
   Det20170722_200057_SGS     0.0000  270629378  270686208  272237918  274885297 1088438800
   Det20170722_200058_SGS     0.0000  307561607  307950208  308421871  309197292 1233130978
   Det20170722_200059_SGS     0.0000  295091942  294953034  295628336  296840677 1182513989
   Det20170722_200100_SGS     0.0000  312433689  312314058  312139447  312389101 1249276296
   Det20170722_200101_SGS     0.0000  321023510  320709683  320000478  318904414 1280638085
   Det20170722_200102_SGS     0.0000  307418650  306871213  306025761  304933737 1225249361
   Det20170722_200103_SGS     0.0000  318379926  318551681  317444012  315215569 1269591187
   Det20170722_200104_SGS     0.0000  280869145  280495200  281134177  281686903 1124185425
   Det20170722_200105_SGS     0.0000  318218010  317972307  318100858  318255003 1272546177
   Det20170722_200106_SGS     0.0000  296608918  297354946  296546085  295667788 1186177737
   Det20170722_200107_SGS     0.0000  311100438  311132488  310394910  308950280 1241578116
   Det20170722_200108_SGS     0.0000  286951407  287244891  285232900  282241740 1141670938
   Det20170722_200109_SGS     0.0000  327598852  327092561  325962138  323951035 1304604586
   Det20170722_200111_SGS     0.0000  308242831  308273110  308504436  308597480 1233617857
   Det20170722_200112_SGS     0.0000  315872093  315091116  315054691  314940805 1260958706
   Det20170722_200113_SGS     0.0000  317870876  316836713  317665143  317228523 1269601255
   Det20170722_200114_SGS     0.0000  288751081  288188839  288961801  289559382 1155461102
   Det20170722_200115_SGS     0.0000  308106592  309039444  307774429  305039841 1229960306
   Det20170722_200116_SGS     0.0000  302696049  302564804  302444691  301275463 1208981006
   Det20170722_200117_SGS     0.0000  333264763  332955104  333340417  333903380 1333463664
   Det20170722_200118_SGS     0.0000  301073748  301420238  299781700  298427986 1200703672
   Det20170722_200119_SGS     0.0000  291161013  291883931  291109138  290509335 1164663417
   Det20170722_200120_SGS     0.0000  292421629  293055630  292251271  291541003 1169269533
   Det20170722_200121_SGS     0.0000  305372055  304801918  305898408  307212289 1223284670
   Det20170722_200122_SGS     0.0000  328367859  327775315  328456627  329158183 1313757983
   Det20170722_200123_SGS     0.0000  310350927  310167892  310313518  310291554 1241123891
   Det20170722_200124_SGS     0.0000  309460859  309376543  309149986  309228548 1237215936
   Det20170722_200125_SGS     0.0000  296231459  296300892  295858590  294519434 1182910374
   Det20170722_200126_SGS     0.0000  305954177  305259152  305661218  305796236 1222670783
   Det20170722_200127_SGS     0.0000  318758976  318166617  318552333  319104848 1274582775
   Det20170722_200129_SGS     0.0000  322626237  322531340  321421134  319831479 1286410190
   Det20170722_200130_SGS     0.0000  338048721  338274344  336565505  333634167 1346522737
   Det20170722_200131_SGS     0.0000  315259061  314864864  314519006  314814258 1259457188
