  Det20170723_093523_STGS     0.0000  274441403  274238744  274465227  274513627 1097659002
  Det20170723_093524_STGS     0.0000  333785380  334100694  332964939  331390991 1332242004
  Det20170723_093526_STGS     0.0000  296743638  296792791  296263911  295660278 1185460618
  Det20170723_093527_STGS     0.0000  337839201  337008489  337272100  336772556 1348892346
  Det20170723_093529_STGS     0.0000  341503229  341029700  341008834  340640127 1364181890
  Det20170723_093530_STGS     0.0000  283582960  283464010  283257276  283193985 1133498232
  Det20170723_093532_STGS     0.0000  296032692  295744012  295856765  295382851 1183016320
  Det20170723_093533_STGS     0.0000  323832440  323818338  323127799  322820546 1293599124
  Det20170723_093534_STGS     0.0000  308079964  308040729  308360911  307995927 1232477531
  Det20170723_093536_STGS     0.0000  302127016  301691450  300695320  299534289 1204048075
  Det20170723_093537_STGS     0.0000  324701981  324841185  324271121  323253307 1297067595
  Det20170723_093539_STGS     0.0000  295527297  296075329  296321847  296330158 1184254631
  Det20170723_093540_STGS     0.0000  310077831  309842538  309535198  308758624 1238214191
  Det20170723_093542_STGS     0.0000  293704361  293897752  293783391  292873535 1174259039
  Det20170723_093543_STGS     0.0000  314414517  314029360  313304816  311558353 1253307046
  Det20170723_093544_STGS     0.0000  294210468  294104770  293617261  292659247 1174591745
  Det20170723_093546_STGS     0.0000  302295016  302096911  301805005  301634550 1207831483
  Det20170723_093547_STGS     0.0000  300728698  300741480  300916630  300914898 1203301706
  Det20170723_093549_STGS     0.0000  312977046  312810250  311874796  310714553 1248376645
  Det20170723_093550_STGS     0.0000  304770325  304810887  304564225  303682126 1217827563
  Det20170723_093552_STGS     0.0000  316255024  316107451  316210235  315763492 1264336201
  Det20170723_093553_STGS     0.0000  309882344  309740764  309139703  308057461 1236820272
  Det20170723_093555_STGS     0.0000  306967390  306836342  305780821  304525289 1224109842
  Det20170723_093556_STGS     0.0000  323181031  323010762  323311439  323884213 1293387445
  Det20170723_093558_STGS     0.0000  289448654  289208529  288886450  288671946 1156215579
  Det20170723_093559_STGS     0.0000  293558379  293257491  292945033  292319838 1172080741
  Det20170723_093600_STGS     0.0000  321889003  320842698  320015149  318728971 1281475820
  Det20170723_093602_STGS     0.0000  315075137  314741726  314196379  313373128 1257386371
  Det20170723_093603_STGS     0.0000  308089912  308367724  307673688  306907612 1231038936
  Det20170723_093605_STGS     0.0000  288840009  288764350  287894035  286719661 1152218056
  Det20170723_093606_STGS     0.0000  302620901  302102229  301601756  300716128 1207041014
  Det20170723_093608_STGS     0.0000  283450047  283627680  283010778  282963722 1133052227
  Det20170723_093609_STGS     0.0000  312600576  312359074  312539504  312018373 1249517527
  Det20170723_093611_STGS     0.0000  332527872  331815314  332524669  333421048 1330288903
  Det20170723_093612_STGS     0.0000  307724884  307909097  307432602  307021789 1230088372
  Det20170723_093614_STGS     0.0000  299391659  298955034  299068447  299052536 1196467676
  Det20170723_093615_STGS     0.0000  306579999  306162499  306114938  305675029 1224532465
  Det20170723_093617_STGS     0.0000  294156780  293931573  293321977  292481598 1173891927
  Det20170723_093618_STGS     0.0000  321691153  321431318  321441076  320670553 1285234100
  Det20170723_093620_STGS     0.0000  300969839  300560269  300797323  300845712 1203173144
  Det20170723_093621_STGS     0.0000  323725794  323425483  323303924  322540008 1292995209
  Det20170723_093623_STGS     0.0000  330611942  330808803  330444964  330178027 1322043736
  Det20170723_093624_STGS     0.0000  276692596  276090427  276397298  276436868 1105617189
  Det20170723_093626_STGS     0.0000  314441521  314908631  314216189  313105886 1256672227
  Det20170723_093627_STGS     0.0000  323209327  323168406  322245369  320978176 1289601278
  Det20170723_093629_STGS     0.0000  283314435  283268570  282994347  282564442 1132141795
  Det20170723_093630_STGS     0.0000  305456893  305358526  304694906  303856677 1219367002
  Det20170723_093632_STGS     0.0000  308558234  308170300  307122071  306335966 1230186571
  Det20170723_093633_STGS     0.0000  321364208  321049030  320535616  319065481 1282014335
  Det20170723_093635_STGS     0.0000  327296595  327260451  326592741  325456909 1306606696
  Det20170723_093636_STGS     0.0000  316683556  316417661  316126117  316051955 1265279288
  Det20170723_093638_STGS     0.0000  312421086  312628259  312775445  312836487 1250661277
  Det20170723_093640_STGS     0.0000  293846645  294024986  294191762  294117188 1176180581
  Det20170723_093641_STGS     0.0000  291959217  291939941  291479524  291102440 1166481122
  Det20170723_093642_STGS     0.0000  328407586  327969043  327195129  325298811 1308870568
  Det20170723_093644_STGS     0.0000  305086872  305060689  304831852  304143750 1219123164
  Det20170723_093645_STGS     0.0000  278139008  278572399  277873664  277247855 1111832926
  Det20170723_093647_STGS     0.0000  308687471  308673885  308023335  307581763 1232966454
  Det20170723_093649_STGS     0.0000  298075272  297823243  297770716  296379632 1190048863
  Det20170723_093650_STGS     0.0000  291601668  291484191  292300517  292399404 1167785780
  Det20170723_093652_STGS     0.0000  331747051  332083972  330935019  329848899 1324614941
  Det20170723_093653_STGS     0.0000  333374491  333156709  333247790  332487620 1332266611
  Det20170723_093655_STGS     0.0000  332037241  331235056  331886950  332046178 1327205426
  Det20170723_093656_STGS     0.0000  319255998  319628689  318273226  316556817 1273714730
  Det20170723_093658_STGS     0.0000  321833904  321735238  322517313  323473615 1289560070
  Det20170723_093659_STGS     0.0000  302211745  302084848  301859844  301057502 1207213938
  Det20170723_093701_STGS     0.0000  328251865  328291996  327634720  326656960 1310835542
  Det20170723_093702_STGS     0.0000  319827397  319711659  318801732  317305268 1275646057
  Det20170723_093704_STGS     0.0000  325497769  325538894  325274632  324266685 1300577980
  Det20170723_093705_STGS     0.0000  310705369  310568792  310610894  310635703 1242520759
  Det20170723_093707_STGS     0.0000  352262597  351560712  351558411  350528332 1405910052
  Det20170723_093708_STGS     0.0000  314360941  314521009  313597889  312726444 1255206283
  Det20170723_093710_STGS     0.0000  278953296  278874430  278430074  277113365 1113371166
  Det20170723_093711_STGS     0.0000  312884600  312341400  312242532  311921484 1249390016
  Det20170723_093713_STGS     0.0000  321424430  321053494  320436643  318998075 1281912642
  Det20170723_093714_STGS     0.0000  311945599  312092223  312140883  311806966 1247985671
  Det20170723_093715_STGS     0.0000  304946165  305099097  304639235  303685734 1218370232
  Det20170723_093717_STGS     0.0000  289919326  290038466  290334851  290502541 1160795184
  Det20170723_093718_STGS     0.0000  326889391  326649816  325923047  324689631 1304151885
  Det20170723_093720_STGS     0.0000  290671604  290288326  289678603  288825147 1159463680
  Det20170723_093721_STGS     0.0000  314638594  314529708  313581464  311986986 1254736752
  Det20170723_093723_STGS     0.0000  317263435  317192494  317319206  317006229 1268781363
  Det20170723_093724_STGS     0.0000  283987847  284262203  284004601  283911032 1136165684
  Det20170723_093726_STGS     0.0000  315375234  315801282  314539366  312810471 1258526354
  Det20170723_093727_STGS     0.0000  337175980  337033488  336097591  334937905 1345244964
  Det20170723_093729_STGS     0.0000  301227971  301166808  300506284  299238841 1202139905
  Det20170723_093730_STGS     0.0000  301696123  301071356  301001282  300336739 1204105499
  Det20170723_093732_STGS     0.0000  344144021  344153071  343941469  342763983 1375002543
  Det20170723_093733_STGS     0.0000  316002987  315953815  315997775  315534327 1263488904
  Det20170723_093735_STGS     0.0000  303817803  304017896  303898097  303566376 1215300173
  Det20170723_093737_STGS     0.0000  303314611  303296388  302482534  301299966 1210393500
  Det20170723_093738_STGS     0.0000  308102216  307344932  307182570  306658808 1229288526
  Det20170723_093740_STGS     0.0000  321176034  321094258  321177000  321040906 1284488198
  Det20170723_093742_STGS     0.0000  313330782  313002435  312863346  313136627 1252333190
  Det20170723_093744_STGS     0.0000  337226445  336846688  336189974  335004510 1345267617
  Det20170723_093745_STGS     0.0000  298027272  297991504  297198655  296239685 1189457117
  Det20170723_093747_STGS     0.0000  303206273  295944894  295788453  306325248 1201264869
