  Det20170723_093241_STGS     0.0000  302876893  302984284  302892056  302781153 1211534387
  Det20170723_093243_STGS     0.0000  314560053  314914062  314183044  313581947 1257239107
  Det20170723_093245_STGS     0.0000  318115859  318038040  317550987  317094527 1270799413
  Det20170723_093246_STGS     0.0000  345298399  344957728  344635047  343806989 1378698163
  Det20170723_093247_STGS     0.0000  304035916  303740432  303764869  303583891 1215125107
  Det20170723_093249_STGS     0.0000  328722333  329194706  328749057  328199054 1314865150
  Det20170723_093250_STGS     0.0000  316269448  316055299  316264033  315866480 1264455261
  Det20170723_093252_STGS     0.0000  311099630  310855462  310995639  310958076 1243908807
  Det20170723_093253_STGS     0.0000  305262221  304831771  304141215  302487972 1216723179
  Det20170723_093255_STGS     0.0000  293628420  293678905  293617914  293693655 1174618893
  Det20170723_093256_STGS     0.0000  322327547  322357116  322126014  321496344 1288307020
  Det20170723_093258_STGS     0.0000  298530344  298259968  298054472  297491463 1192336247
  Det20170723_093259_STGS     0.0000  327430227  327191693  326660409  325329334 1306611662
  Det20170723_093300_STGS     0.0000  286809831  287104005  287484382  287590160 1148988378
  Det20170723_093302_STGS     0.0000  318792600  318588608  318219825  317313040 1272914073
  Det20170723_093303_STGS     0.0000  312953719  312804772  312264213  311296524 1249319228
  Det20170723_093305_STGS     0.0000  315319417  315035927  314840951  315143652 1260339947
  Det20170723_093306_STGS     0.0000  309564760  309333112  309065842  308676772 1236640487
  Det20170723_093307_STGS     0.0000  283236122  283295424  282470010  281480997 1130482555
  Det20170723_093309_STGS     0.0000  315069459  315105027  314694172  313680389 1258549046
  Det20170723_093310_STGS     0.0000  301277869  301311534  301276565  300751051 1204617019
  Det20170723_093312_STGS     0.0000  326989829  327071799  327208439  327348476 1308618544
  Det20170723_093313_STGS     0.0000  305125376  304947751  304460613  303697920 1218231659
  Det20170723_093315_STGS     0.0000  345909845  345431492  344453904  342967906 1378763148
  Det20170723_093316_STGS     0.0000  329533690  329183059  329429452  330045643 1318191844
  Det20170723_093318_STGS     0.0000  322116430  322122733  322013047  322134655 1288386865
  Det20170723_093319_STGS     0.0000  297094891  297102835  296707319  296532593 1187437637
  Det20170723_093320_STGS     0.0000  324063767  324026982  323528756  322502663 1294122168
  Det20170723_093322_STGS     0.0000  319193684  318802443  317702050  316473813 1272171990
  Det20170723_093323_STGS     0.0000  315975595  315565581  314583782  313659550 1259784509
  Det20170723_093325_STGS     0.0000  315723089  315634707  316038621  316653510 1264049927
  Det20170723_093326_STGS     0.0000  297166822  296653120  297345241  299243962 1190409146
  Det20170723_093328_STGS     0.0000  286038699  286178407  285141645  282866460 1140225211
  Det20170723_093329_STGS     0.0000  321946115  321729640  321634456  321074555 1286384766
  Det20170723_093331_STGS     0.0000  312309413  312401151  311643552  310500969 1246855086
  Det20170723_093332_STGS     0.0000  282642277  282754566  282947792  283154664 1131499299
  Det20170723_093334_STGS     0.0000  305985524  306102214  306754675  306853093 1225695506
  Det20170723_093335_STGS     0.0000  300718421  300890879  300404181  299724728 1201738209
  Det20170723_093337_STGS     0.0000  300764745  301290254  301198008  300933133 1204186140
  Det20170723_093338_STGS     0.0000  338499713  337701775  337736153  337102365 1351040007
  Det20170723_093340_STGS     0.0000  304870030  304700664  305557893  306195405 1221323992
  Det20170723_093341_STGS     0.0000  330118138  330009670  330604817  330924491 1321657116
  Det20170723_093343_STGS     0.0000  313852425  312870588  312700581  312214220 1251637814
  Det20170723_093344_STGS     0.0000  297361832  296878357  295279467  293020416 1182540071
  Det20170723_093345_STGS     0.0000  309558737  309507672  309489669  308899794 1237455872
  Det20170723_093347_STGS     0.0000  303005168  302948330  302068197  300543272 1208564967
  Det20170723_093348_STGS     0.0000  311450915  311619519  310941076  309774675 1243786185
  Det20170723_093350_STGS     0.0000  298178595  298497573  297814946  297745282 1192236396
  Det20170723_093351_STGS     0.0000  319932815  319790431  319590322  319074937 1278388505
  Det20170723_093352_STGS     0.0000  340064860  339562027  338233847  336427966 1354288700
  Det20170723_093354_STGS     0.0000  313295658  313249749  312411239  311357727 1250314373
  Det20170723_093355_STGS     0.0000  278468170  278368727  277625241  276558750 1111020888
  Det20170723_093357_STGS     0.0000  314618339  314622482  315541699  315909378 1260691897
  Det20170723_093358_STGS     0.0000  309570313  309317341  309200045  309535347 1237623046
  Det20170723_093400_STGS     0.0000  304864979  304785016  305083353  304775170 1219508517
  Det20170723_093401_STGS     0.0000  300568852  300767615  301020660  301262810 1203619937
  Det20170723_093402_STGS     0.0000  313156972  313633546  312934110  312307137 1252031765
  Det20170723_093404_STGS     0.0000  312789940  312239922  310922698  309371585 1245324144
  Det20170723_093405_STGS     0.0000  363665770  363217119  362396428  359580671 1448859988
  Det20170723_093407_STGS     0.0000  315257272  314728535  314447041  313191017 1257623865
  Det20170723_093408_STGS     0.0000  291676772  291462941  290587879  290070621 1163798214
  Det20170723_093410_STGS     0.0000  311272140  310784302  310762731  309621551 1242440724
  Det20170723_093411_STGS     0.0000  319065769  318683070  318017528  316680464 1272446830
  Det20170723_093412_STGS     0.0000  283977209  284193853  283689203  282771622 1134631887
  Det20170723_093414_STGS     0.0000  326077928  326073550  325692534  324983250 1302827262
  Det20170723_093415_STGS     0.0000  307572882  307579520  306746153  305141189 1227039744
  Det20170723_093417_STGS     0.0000  306214408  306053976  305870900  305167567 1223306851
  Det20170723_093418_STGS     0.0000  313269274  312794514  313253424  313595689 1252912902
  Det20170723_093420_STGS     0.0000  292077863  292382787  292714796  292247458 1169422904
  Det20170723_093421_STGS     0.0000  349720009  349471297  349081448  348208322 1396481075
  Det20170723_093422_STGS     0.0000  276615815  277011488  277367443  277152120 1108146867
  Det20170723_093424_STGS     0.0000  316377185  316138554  315116048  314278488 1261910275
  Det20170723_093425_STGS     0.0000  309228799  309635205  310105715  310138329 1239108048
  Det20170723_093427_STGS     0.0000  291782826  291657710  291626514  290957452 1166024502
  Det20170723_093428_STGS     0.0000  314615774  314379432  313955969  312849423 1255800598
  Det20170723_093430_STGS     0.0000  308441733  308492090  308404881  307879801 1233218506
  Det20170723_093431_STGS     0.0000  309598167  309873547  309119413  307873392 1236464519
  Det20170723_093432_STGS     0.0000  302561924  301872481  301095293  299585687 1205115386
  Det20170723_093434_STGS     0.0000  285882181  286106849  285386863  284572721 1141948614
  Det20170723_093435_STGS     0.0000  321512161  321256416  320336006  319196994 1282301577
  Det20170723_093437_STGS     0.0000  331248074  331388353  330522629  329246436 1322405492
  Det20170723_093438_STGS     0.0000  299225822  299138131  299239060  299104334 1196707346
  Det20170723_093440_STGS     0.0000  323635037  323441040  323785603  324092924 1294954604
  Det20170723_093441_STGS     0.0000  303043342  303107566  302605041  301980593 1210736541
  Det20170723_093443_STGS     0.0000  310974524  310923693  310498608  310049884 1242446709
  Det20170723_093444_STGS     0.0000  331734105  331378199  330858303  329580924 1323551531
  Det20170723_093445_STGS     0.0000  297940241  297613708  297324155  296032189 1188910292
  Det20170723_093447_STGS     0.0000  294576058  294761134  294097659  292481721 1175916572
  Det20170723_093448_STGS     0.0000  315954733  315981762  315919255  315285398 1263141148
  Det20170723_093450_STGS     0.0000  297274553  297221778  296304501  294994570 1185795402
  Det20170723_093451_STGS     0.0000  305777503  305815850  304891279  303730143 1220214775
  Det20170723_093452_STGS     0.0000  335274033  335044378  333949843  332226679 1336494932
  Det20170723_093454_STGS     0.0000  283168589  283516226  283191908  282397906 1132274629
  Det20170723_093455_STGS     0.0000  302761184  302338474  302331156  302225472 1209656286
  Det20170723_093457_STGS     0.0000  310020076  310223003  310386228  310020455 1240649762
  Det20170723_093458_STGS     0.0000  323369291  323402752  322154858  320492457 1289419357
  Det20170723_093500_STGS     0.0000  341235031  342183315  330096087  329988135 1343502568
