  Det20170716_203049_STGS     0.5000    7682725    8782397    9060159    9274837   34800119
  Det20170716_203050_STGS     0.5000    7885668    8932027    9154814    9342695   35315203
  Det20170716_203051_STGS     0.5000    8315321    9125629    9310752    9432225   36183926
  Det20170716_203052_STGS     0.5000    9163805    9513245    9610347    9660864   37948261
  Det20170716_203053_STGS     0.5000    9384315    9528626    9581379    9656172   38150491
  Det20170716_203054_STGS     0.5000    9056672    9343099    9472558    9530381   37402711
  Det20170716_203055_STGS     0.5000    8857197    9232525    9354650    9439485   36883857
  Det20170716_203056_STGS     0.5000    8526818    9044042    9213404    9281120   36065384
  Det20170716_203058_STGS     0.5000    8718494    9014508    9131444    9283412   36147857
  Det20170716_203059_STGS     0.5000    8982422    8976354    9065373    9126765   36150914
  Det20170716_203100_STGS     0.5000    9426530    9098905    9082293    9109360   36717087
  Det20170716_203101_STGS     0.5000   10310824    9573013    9422263    9297159   38603258
  Det20170716_203102_STGS     0.5000   10646438    9825184    9584444    9553532   39609598
  Det20170716_203103_STGS     0.5000    9726588    9663194    9673794    9743614   38807190
