  Det20170716_214510_STGS     0.5000    9462071    9656491    9682049    9713675   38514286
  Det20170716_214511_STGS     0.5000    9681393    9809645    9773300    9778155   39042493
  Det20170716_214512_STGS     0.5000    9735791    9784140    9786200    9781720   39087850
  Det20170716_214513_STGS     0.5000    9621397    9664651    9726567    9725702   38738317
  Det20170716_214514_STGS     0.5000    9358769    9518059    9569723    9631350   38077901
  Det20170716_214515_STGS     0.5000    9076176    9370409    9495841    9544404   37486829
  Det20170716_214516_STGS     0.5000    8856069    9222882    9345890    9435183   36860024
  Det20170716_214517_STGS     0.5000    8527494    9042627    9212153    9280271   36062545
  Det20170716_214518_STGS     0.5000    8720762    9010923    9129708    9283424   36144817
  Det20170716_214519_STGS     0.5000    8853556    8952043    9054251    9121790   35981641
  Det20170716_214520_STGS     0.5000    9581982    9165201    9114417    9117899   36979499
  Det20170716_214521_STGS     0.5000   10391100    9535609    9382636    9277255   38586600
  Det20170716_214522_STGS     0.5000   10674769    9822436    9584734    9561744   39643684
  Det20170716_214523_STGS     0.5000    9818613    9943054    9936929    9946850   39645446
