  Det20170717_214828_STGS     1.0000    2518437    5349195    6505622    7539092   21912345
  Det20170717_214829_STGS     1.0000    2797729    5556291    6720955    7688577   22763551
  Det20170717_214830_STGS     1.0000    3222543    5959704    7039838    7944724   24166810
  Det20170717_214831_STGS     1.0000    4180852    6688725    7553765    8321664   26745006
  Det20170717_214832_STGS     1.0000    5886097    7829024    8407435    8883062   31005618
  Det20170717_214833_STGS     1.0000    8612535    9181305    9316440    9423517   36533797
  Det20170717_214834_STGS     1.0000   10536209    8802066    8919796    9053732   37311803
  Det20170717_214835_STGS     1.0000   10368439    8408468    8390024    8542636   35709567
  Det20170717_214836_STGS     1.0000   10220222    8866919    8691035    8657915   36436091
  Det20170717_214837_STGS     1.0000   11594111    9754132    9375853    9034266   39758362
  Det20170717_214838_STGS     1.0000   14987459   10932110    9891939    9222076   45033584
  Det20170717_214839_STGS     1.0000   19546154   12184418   10259719    9429643   51419935
  Det20170717_214840_STGS     1.0000   20307523   11775513   10248736    9756770   52088542
  Det20170717_214841_STGS     1.0000   10921821   10562077   10528808   10517098   42529805
