   Det20170718_210543_SGS     2.0000         47      33249     187484     756272     977052
   Det20170718_210544_SGS     2.0000         80      35000     203490     806095    1044665
   Det20170718_210545_SGS     2.0000        145      43136     222969     846191    1112441
   Det20170718_210546_SGS     2.0000        203      55483     266532     917247    1239465
   Det20170718_210547_SGS     2.0000        596      80753     336350    1033306    1451004
   Det20170718_210548_SGS     2.0000       1193     115274     431761    1195838    1744067
   Det20170718_210549_SGS     2.0000       2772     183916     588643    1444652    2219984
   Det20170718_210550_SGS     2.0000       6313     294076     833557    1820427    2954373
   Det20170718_210551_SGS     2.0000      16073     506932    1251670    2391974    4166649
   Det20170718_210552_SGS     2.0000      43299     937045    2001746    3426703    6408794
   Det20170718_210553_SGS     2.0000     119790    1779723    3280905    4974614   10155031
   Det20170718_210554_SGS     2.0000     560577    4788714    7188743    9007576   21545610
   Det20170718_210555_SGS     2.0000    2930443   12548720   15218729   16133370   46831262
   Det20170718_210556_SGS     2.0000   12498792   25416834   25621450   23898924   87436000
