  Det20170716_120436_STGS     2.0000    5984066    8400435    8877500    9276160   32538161
  Det20170716_120437_STGS     2.0000    7189021    9556026    9290363    9577687   35613097
  Det20170716_120438_STGS     2.0000   10216427    9138393    9471705    9667700   38494224
  Det20170716_120439_STGS     2.0000    8203485    9871880   10014163    9730223   37819752
  Det20170716_120440_STGS     2.0000    6691786   10143426    9672193    9560329   36067734
  Det20170716_120441_STGS     2.0000    8435721    9039296    9382579    9351360   36208957
  Det20170716_120442_STGS     2.0000   10616326    8289181    8425468    8891295   36222271
  Det20170716_120443_STGS     2.0000    8360742    8613948    8474393    8546910   33995994
  Det20170716_120444_STGS     2.0000    9483263    9162655    8847758    9049400   36543077
  Det20170716_120445_STGS     2.0000   13927671    9588981    9268033    9037570   41822255
  Det20170716_120446_STGS     2.0000   12221981   11179388   10451213    9893964   43746547
  Det20170716_120447_STGS     2.0000   29297000   15263644   12636224   10793996   67990864
  Det20170716_120448_STGS     2.0000   18297096   13683535   12579753   11044205   55604589
  Det20170716_120449_STGS     2.0000   32203924   13061668    9905823    9654207   64825622
