   Det20171016_174005_SGS     0.5000    4726259   11580473    8497442    8860634   33664809
   Det20171016_174006_SGS     0.5000    4132425    9085703    8352570    8865115   30435814
   Det20171016_174007_SGS     0.5000    3601383    7592844    8094945    8772437   28061608
   Det20171016_174008_SGS     0.5000    3185797    6732191    7834215    8631245   26383448
   Det20171016_174010_SGS     0.5000    3180276    6440501    7693592    8569689   25884058
   Det20171016_174011_SGS     0.5000    3379059    6439208    7638526    8525806   25982600
   Det20171016_174012_SGS     0.5000    3836421    6750381    7798558    8606835   26992195
   Det20171016_174013_SGS     0.5000    4417586    7122555    8050521    8729866   28320528
   Det20171016_174014_SGS     0.5000    5323936    7650782    8448664    8862375   30285758
   Det20171016_174015_SGS     0.5000    6466718    8302714    8856174    9152991   32778597
   Det20171016_174016_SGS     0.5000    7714654    8659080    8772398    8922906   34069038
   Det20171016_174017_SGS     0.5000    9035478    8623262    8367050    8213474   34239265
   Det20171016_174018_SGS     0.5000   11011839    8822168    7997513    7567189   35398709
   Det20171016_174019_SGS     0.5000   14035983    9707719    8304147    7493563   39541412
