  Det20171016_173328_STGS     0.5000    8125696   13229109   10508542    9900179   41763525
  Det20171016_173329_STGS     0.5000    8054467   11532662   10253225    9773383   39613736
  Det20171016_173330_STGS     0.5000    8107839   10271106    9823153    9589712   37791811
  Det20171016_173331_STGS     0.5000    7919871    9168132    9178899    9260899   35527801
  Det20171016_173332_STGS     0.5000    5993055    7960755    8543388    8876632   31373830
  Det20171016_173333_STGS     0.5000    4421714    7142940    8005939    8620585   28191178
  Det20171016_173334_STGS     0.5000    3718389    6587289    7630356    8405358   26341391
  Det20171016_173335_STGS     0.5000    3530846    6321288    7375184    8183857   25411175
  Det20171016_173336_STGS     0.5000    3339127    6256553    7266764    8077609   24940054
  Det20171016_173337_STGS     0.5000    3194035    6100329    7223251    7993926   24511541
  Det20171016_173338_STGS     0.5000    3882518    5975166    7057574    7885510   24800768
  Det20171016_173339_STGS     0.5000    4831222    6486404    7133198    7795057   26245881
  Det20171016_173340_STGS     0.5000    6212162    7234155    7587665    7945513   28979494
  Det20171016_173341_STGS     0.5000    8263052    8382263    8336016    8305467   33286797
