   Det20171016_123514_SGS     0.0000   23994792   23302870   12313033   11095515   70706210
   Det20171016_123515_SGS     0.0000   18357131   16884237   12045120   11054851   58341339
   Det20171016_123516_SGS     0.0000   14544393   13396017   11624348   10905937   50470696
   Det20171016_123517_SGS     0.0000   12078103   11647793   11110996   10667566   45504457
   Det20171016_123518_SGS     0.0000   10890379   10843908   10693903   10464870   42893060
   Det20171016_123519_SGS     0.0000   10430235   10439769   10391885   10271261   41533149
   Det20171016_123520_SGS     0.0000   10259863   10292142   10243772   10155635   40951411
   Det20171016_123521_SGS     0.0000   10116930   10154683   10128080   10043877   40443570
   Det20171016_123522_SGS     0.0000   10053687   10059850   10055780    9898277   40067594
   Det20171016_123523_SGS     0.0000    9827279    9851385    9881478    9799972   39360115
   Det20171016_123524_SGS     0.0000    9012553    9072278    9079049    9146353   36310234
   Det20171016_123525_SGS     0.0000    7721986    7799532    7886927    8007289   31415734
   Det20171016_123526_SGS     0.0000    6860857    6829829    6830560    6964569   27485814
   Det20171016_123527_SGS     0.0000    6469774    6384689    6322633    6413704   25590801
