  Det20171016_175335_STGS     0.5000    7789717   12931129    9416914    9007841   39145600
  Det20171016_175336_STGS     0.5000    7684157   10984970    9267763    8965801   36902690
  Det20171016_175337_STGS     0.5000    7690252    9615733    9036090    8880505   35222581
  Det20171016_175338_STGS     0.5000    7561095    8697902    8712832    8758860   33730689
  Det20171016_175339_STGS     0.5000    6335471    7920063    8341559    8684157   31281251
  Det20171016_175340_STGS     0.5000    5227743    7387367    8145654    8669047   29429810
  Det20171016_175341_STGS     0.5000    4362974    7005805    7992449    8676028   28037255
  Det20171016_175342_STGS     0.5000    3681799    6643614    7784528    8711484   26821426
  Det20171016_175343_STGS     0.5000    4272713    6811562    7795436    8583968   27463678
  Det20171016_175344_STGS     0.5000    5082654    7160732    7856911    8523381   28623678
  Det20171016_175345_STGS     0.5000    6156005    7528989    8005207    8353621   30043823
  Det20171016_175346_STGS     0.5000    7475423    7894612    7994947    8053586   31418567
  Det20171016_175347_STGS     0.5000    9429406    8609503    8199968    7879086   34117962
  Det20171016_175348_STGS     0.5000   12121812    9532854    8616179    7933605   38204450
