  Det20171016_173559_STGS     0.5000   11052016   14434288   10548827    9732525   45767657
  Det20171016_173600_STGS     0.5000   10938880   12522843   10292281    9609693   43363697
  Det20171016_173601_STGS     0.5000   10709089   10821738    9853973    9439867   40824667
  Det20171016_173603_STGS     0.5000    8608843    9219184    9121504    9159016   36108548
  Det20171016_173604_STGS     0.5000    5980780    7988047    8536640    8840490   31345957
  Det20171016_173605_STGS     0.5000    4527701    7225304    8039794    8622586   28415385
  Det20171016_173606_STGS     0.5000    4110227    6692593    7668967    8408644   26880431
  Det20171016_173607_STGS     0.5000    3626672    6455288    7418078    8173944   25673981
  Det20171016_173608_STGS     0.5000    3135443    6228775    7263824    8051530   24679572
  Det20171016_173609_STGS     0.5000    3722980    5984807    7142798    7951731   24802316
  Det20171016_173610_STGS     0.5000    4544260    6372726    7136134    7870585   25923705
  Det20171016_173611_STGS     0.5000    5654663    6969035    7422064    7888516   27934278
  Det20171016_173612_STGS     0.5000    7270972    7772424    7894981    8045076   30983452
  Det20171016_173613_STGS     0.5000    9671418    9005959    8673642    8409540   35760559
