   Det20170718_212631_SGS     1.0000      77173     967408    2010135    3614876    6669593
   Det20170718_212632_SGS     1.0000      86251     993418    2080022    3732020    6891710
   Det20170718_212633_SGS     1.0000      99426    1050694    2126345    3766977    7043442
   Det20170718_212634_SGS     1.0000     118664    1110269    2191669    3767876    7188477
   Det20170718_212635_SGS     1.0000     163384    1221031    2288071    3787538    7460025
   Det20170718_212636_SGS     1.0000     222155    1356253    2421260    3851218    7850886
   Det20170718_212637_SGS     1.0000     322585    1608727    2666059    4017631    8615002
   Det20170718_212638_SGS     1.0000     485786    1972785    3061563    4345680    9865814
   Det20170718_212639_SGS     1.0000     789319    2603578    3736294    4905862   12035053
   Det20170718_212640_SGS     1.0000    1354693    3645064    4822903    5942680   15765341
   Det20170718_212641_SGS     1.0000    2397275    5250605    6385961    7327985   21361825
   Det20170718_212642_SGS     1.0000    5874471    9378258   10096102   10317969   35666801
   Det20170718_212643_SGS     1.0000   14058559   16354891   15745042   14720280   60878772
   Det20170718_212644_SGS     1.0000   25985722   23628224   21287785   18935283   89837013
