  Det20170717_224943_STGS     1.5000     875629    3318147    4773001    6270695   15237472
  Det20170717_224944_STGS     1.5000    1090540    3543659    5032917    6455771   16122888
  Det20170717_224945_STGS     1.5000    1387421    4029683    5460744    6815423   17693272
  Det20170717_224946_STGS     1.5000    2193009    4983052    6211147    7401887   20789095
  Det20170717_224947_STGS     1.5000    3911273    6568198    7496720    8294882   26271072
  Det20170717_224948_STGS     1.5000    7360985    8891976    9209161    9363248   34825370
  Det20170717_224949_STGS     1.5000   12523112    9430689    9411857    9289593   40655251
  Det20170717_224950_STGS     1.5000   15110431    9485786    8837455    8632111   42065784
  Det20170717_224951_STGS     1.5000   16168193   10024508    9228120    8810496   44231317
  Det20170717_224952_STGS     1.5000   13073252   10823892   10247928    9575325   43720397
  Det20170717_224953_STGS     1.5000   20316174   13557047   11573642   10193690   55640553
  Det20170717_224954_STGS     1.5000   31437440   17048803   12900341   10570085   71956669
  Det20170717_224955_STGS     1.5000   22519168   17199554   12740288   10424375   62883386
  Det20170717_224956_STGS     1.5000   19774942   10552166   10386813   10447206   51161127
