   Det20170718_212903_SGS     0.5000    1388795    3953291    5334186    6801522   17477795
   Det20170718_212904_SGS     0.5000    1445412    4009969    5446515    6956125   17858020
   Det20170718_212905_SGS     0.5000    1498461    4059300    5445937    6934302   17938000
   Det20170718_212906_SGS     0.5000    1538313    4002377    5353530    6757518   17651739
   Det20170718_212907_SGS     0.5000    1651257    3970769    5231287    6534579   17387891
   Det20170718_212908_SGS     0.5000    1787048    3945370    5127356    6335332   17195105
   Det20170718_212909_SGS     0.5000    2022328    4081659    5147026    6233877   17484890
   Det20170718_212910_SGS     0.5000    2399784    4368819    5351124    6310390   18430116
   Det20170718_212911_SGS     0.5000    3069482    5005643    5875402    6629210   20579736
   Det20170718_212912_SGS     0.5000    4130250    6023311    6758073    7372179   24283813
   Det20170718_212913_SGS     0.5000    5723954    7445061    7953458    8333803   29456277
   Det20170718_212914_SGS     0.5000    9683891   10475585   10415228   10192216   40766920
   Det20170718_212915_SGS     0.5000   16221791   14763493   13729152   12781532   57495968
   Det20170718_212916_SGS     0.5000   22763509   18778058   16906189   15341622   73789379
