  Det20170716_230327_STGS     0.5000    5918450    7682237    8203890    8660503   30465079
  Det20170716_230328_STGS     0.5000    6152800    7827436    8357954    8772466   31110656
  Det20170716_230329_STGS     0.5000    6475018    8055514    8536078    8924533   31991144
  Det20170716_230330_STGS     0.5000    7103769    8409055    8768702    9099414   33380940
  Det20170716_230331_STGS     0.5000    8100752    8945774    9164925    9356090   35567540
  Det20170716_230332_STGS     0.5000    9214384    9309615    9400876    9496109   37420984
  Det20170716_230333_STGS     0.5000    8873019    8684057    8906588    9121980   35585644
  Det20170716_230334_STGS     0.5000    8255099    8381468    8598636    8804775   34039978
  Det20170716_230335_STGS     0.5000    8579006    8597409    8714682    8824638   34715734
  Det20170716_230336_STGS     0.5000    9628127    8955341    8932145    8902281   36417894
  Det20170716_230337_STGS     0.5000   10379781    9117238    8958974    8879322   37335315
  Det20170716_230338_STGS     0.5000   11188728    9462261    9115245    9098919   38865153
  Det20170716_230339_STGS     0.5000   10951037    9798014    9665406    9641543   40055999
  Det20170716_230340_STGS     0.5000   10551159   10674821   10552372   10469706   42248057
