  Det20170717_065827_STGS     1.0000    6680018    8324663    8744097    9103895   32852673
  Det20170717_065828_STGS     1.0000    7420837    8646699    9033403    9284240   34385179
  Det20170717_065829_STGS     1.0000    8528389    9267322    9456631    9589760   36842102
  Det20170717_065830_STGS     1.0000    9721689    9706563    9500556    9752028   38680837
  Det20170717_065831_STGS     1.0000    9706265    9399588    9329884    9329451   37765188
  Det20170717_065832_STGS     1.0000   10327680    9120216    9143599    9197431   37788927
  Det20170717_065833_STGS     1.0000   10328382    8710073    8867813    9016673   36922941
  Det20170717_065834_STGS     1.0000   10576627    8523157    8477314    8588964   36166062
  Det20170717_065835_STGS     1.0000   11210585    8857390    8667498    8647152   37382625
  Det20170717_065836_STGS     1.0000   11222950    9578524    9341133    9085381   39227988
  Det20170717_065837_STGS     1.0000   14086248   11037640   10102947    9384832   44611667
  Det20170717_065838_STGS     1.0000   23187617   12963638   10576961    9481575   56209791
  Det20170717_065839_STGS     1.0000   31544052   11696931   10279369    9961477   63481829
  Det20170717_065840_STGS     1.0000   13298252   12574179   12169401   11766401   49808233
