  Det20170716_183556_STGS     1.0000    4801110    7266632    8042240    8645404   28755387
  Det20170716_183557_STGS     1.0000    5190849    7576859    8235243    8773094   29776045
  Det20170716_183558_STGS     1.0000    6075602    8044057    8591410    8981302   31692372
  Det20170716_183559_STGS     1.0000    8007148    9012137    9298767    9470186   35788237
  Det20170716_183600_STGS     1.0000    9147741    9407740    9474778    9588087   37618346
  Det20170716_183601_STGS     1.0000    8851668    9043225    9276354    9392476   36563723
  Det20170716_183602_STGS     1.0000    8553492    8756894    8983577    9206848   35500810
  Det20170716_183603_STGS     1.0000    7970119    8610186    8826801    8981573   34388679
  Det20170716_183604_STGS     1.0000    8680339    8775656    8836751    9091537   35384283
  Det20170716_183605_STGS     1.0000    9295382    9028261    9024411    8994182   36342237
  Det20170716_183606_STGS     1.0000   11291122    9700313    9293693    9120077   39405205
  Det20170716_183607_STGS     1.0000   12705126   10712970   10013520    9498799   42930415
  Det20170716_183608_STGS     1.0000   12763511   11019633   10192988    9739838   43715971
  Det20170716_183609_STGS     1.0000   10198572    9827746    9504930    9571015   39102262
