  Det20170716_142415_STGS     1.5000    2567652    5587629    6820391    7859094   22834765
  Det20170716_142416_STGS     1.5000    2972292    6058380    7121120    8057715   24209506
  Det20170716_142417_STGS     1.5000    4022736    6776587    7697425    8407234   26903982
  Det20170716_142418_STGS     1.5000    6667252    8353790    8885153    9218367   33124562
  Det20170716_142419_STGS     1.5000    8632812    9442060    9453065    9553712   37081649
  Det20170716_142420_STGS     1.5000    9193668    9015244    9252977    9323226   36785116
  Det20170716_142421_STGS     1.5000    9011508    8448047    8657735    9009652   35126942
  Det20170716_142422_STGS     1.5000    7840307    8477320    8572765    8728947   33619339
  Det20170716_142423_STGS     1.5000    9079250    8797585    8715880    9012452   35605166
  Det20170716_142424_STGS     1.5000    9628697    9258461    9196095    9036436   37119690
  Det20170716_142425_STGS     1.5000   13600184   10781185    9838792    9401207   43621368
  Det20170716_142426_STGS     1.5000   14772327   12204666   10994244   10005954   47977191
  Det20170716_142427_STGS     1.5000   12817652   12330056   11273695   10239290   46660693
  Det20170716_142428_STGS     1.5000   12930708   10121255    9785555    9491415   42328933
