  Det20170716_154133_STGS     1.5000    7566015    8927134    9218004    9457720   35168872
  Det20170716_154134_STGS     1.5000    8391235    9615535    9538478    9663972   37209220
  Det20170716_154135_STGS     1.5000    9486415    9504545    9635653    9716862   38343475
  Det20170716_154136_STGS     1.5000    9861405    9669732    9778385    9684888   38994411
  Det20170716_154137_STGS     1.5000    8940448    9553706    9447339    9513956   37455449
  Det20170716_154138_STGS     1.5000    8394571    8931962    9232772    9329581   35888886
  Det20170716_154139_STGS     1.5000    8936410    8457651    8665122    9010752   35069935
  Det20170716_154140_STGS     1.5000    7923784    8488555    8572664    8721396   33706399
  Det20170716_154141_STGS     1.5000    9219338    8892929    8758285    9010670   35881223
  Det20170716_154142_STGS     1.5000   10972624    9069783    9046279    8971128   38059813
  Det20170716_154143_STGS     1.5000   11642644   10528049    9931972    9496546   41599213
  Det20170716_154144_STGS     1.5000   19254232   12858032   11207613   10019981   53339857
  Det20170716_154145_STGS     1.5000   15076592   12650277   11416878   10290999   49434746
  Det20170716_154146_STGS     1.5000   15878074   10307830    9672374    9760599   45618878
