  Det20170716_125456_STGS     2.0000    1155040    4049628    5558961    6983495   17747123
  Det20170716_125457_STGS     2.0000    1420023    4647468    5955715    7254933   19278138
  Det20170716_125458_STGS     2.0000    2479584    5521690    6728817    7749392   22479483
  Det20170716_125459_STGS     2.0000    5429075    7600421    8397081    8914863   30341439
  Det20170716_125500_STGS     2.0000    6978537    9606006    9519909    9566428   35670880
  Det20170716_125501_STGS     2.0000   10640481    9267719    9474650    9369492   38752343
  Det20170716_125502_STGS     2.0000   11029784    8280296    8409254    8886656   36605990
  Det20170716_125503_STGS     2.0000    8055354    8595970    8468042    8548300   33667666
  Det20170716_125504_STGS     2.0000    9656242    8981639    8731714    9033040   36402636
  Det20170716_125505_STGS     2.0000   10430519    9474496    9420108    9163750   38488873
  Det20170716_125506_STGS     2.0000   15957344   12056967   10545706    9820534   48380551
  Det20170716_125507_STGS     2.0000   16204401   13617920   12043880   10655792   52521992
  Det20170716_125508_STGS     2.0000   14658735   12942520   12248267   10889277   50738799
  Det20170716_125509_STGS     2.0000   18803070   10717311    9992701    9681416   49194498
