  Det20170717_225759_STGS     2.0000    3221067    6104686    7196499    8181915   24704166
  Det20170717_225800_STGS     2.0000    4821599    6742646    7799237    8524462   27887944
  Det20170717_225801_STGS     2.0000    6317874    8214914    8824047    9238772   32595607
  Det20170717_225802_STGS     2.0000    9320081   10318592    9329133   10005997   38973803
  Det20170717_225803_STGS     2.0000    9799746   11615827    9923960    9596260   40935793
  Det20170717_225804_STGS     2.0000   25534468   11134111   10287009    9542522   56498110
  Det20170717_225805_STGS     2.0000   15225055   10045652   10082503    9570443   44923653
  Det20170717_225806_STGS     2.0000   19465037   11634082    9902796    9015529   50017444
  Det20170717_225807_STGS     2.0000   35128260   13540522   10586383    9149271   68404436
  Det20170717_225808_STGS     2.0000   41033160   11235750   10762932   10145922   73177764
  Det20170717_225809_STGS     2.0000   18739862   15065800   13251745   11609384   58666792
  Det20170717_225810_STGS     2.0000   70488840   28095504   18975838   13497190  131057372
  Det20170717_225811_STGS     2.0000  269691746   42666377   21989284   12210472  346557879
  Det20170717_225812_STGS     2.0000  331675618   13339476   13068685   12564369  370648148
