  Det20170716_094033_STGS     2.5000     136792    7791678    8467281    9060380   25456131
  Det20170716_094034_STGS     2.5000    3481477    9626902    8828993    9462994   31400366
  Det20170716_094035_STGS     2.5000   10861293    8371621    9174435    9600379   38007728
  Det20170716_094036_STGS     2.5000    3501853   10087019   10444858    9837299   33871028
  Det20170716_094037_STGS     2.5000    2570627   11196968   10162413    9697177   33627185
  Det20170716_094038_STGS     2.5000    9590339    9345328    9752881    9490008   38178555
  Det20170716_094039_STGS     2.5000   19213687    8175465    8219361    8839765   44448278
  Det20170716_094040_STGS     2.5000    9239450    8972745    8492723    8448034   35152953
  Det20170716_094041_STGS     2.5000    9686143    9451863    9016603    9188459   37343068
  Det20170716_094042_STGS     2.5000   17963447   10535529    9681244    9156142   47336362
  Det20170716_094044_STGS     2.5000   12632064   11697013   10917276   10288348   45534701
  Det20170716_094045_STGS     2.5000   46687822   18463177   14297289   11685021   91133309
  Det20170716_094046_STGS     2.5000   21567745   14719083   13410499   11803773   61501100
  Det20170716_094047_STGS     2.5000   79311003   14839133   11816962    9641656  115608754
