  Det20170715_180717_STGS     2.5000          0    1033051    2176882    3897682    7107614
  Det20170715_180718_STGS     2.5000          0    1184703    2443653    4119097    7747454
  Det20170715_180719_STGS     2.5000     210648    1580399    2915238    4613806    9320091
  Det20170715_180720_STGS     2.5000     370291    2480836    3823217    5505189   12179534
  Det20170715_180721_STGS     2.5000    1382537    4252324    5598843    6949256   18182959
  Det20170715_180722_STGS     2.5000    4501949    7717819    8602743    9076656   29899167
  Det20170715_180723_STGS     2.5000   13576714   10692996   10946242   10334727   45550679
  Det20170715_180724_STGS     2.5000   27488524   14061345   11263247    9712689   62525805
  Det20170715_180725_STGS     2.5000   55990090   16211936   11909237    9819196   93930460
  Det20170715_180726_STGS     2.5000   19921926   12189761   12010888   11175253   55297827
  Det20170715_180727_STGS     2.5000   32580643   19465274   15612652   13008732   80667302
  Det20170715_180728_STGS     2.5000   99272712   29797337   20596935   14591363  164258347
  Det20170715_180729_STGS     2.5000   31687156   22108536   20229674   14767758   88793124
  Det20170715_180730_STGS     2.5000  139231757   18055275   11216334   10259632  178762999
