  Det20170715_181527_STGS     2.5000          0    4995178    6322358    7629688   18947224
  Det20170715_181528_STGS     2.5000     140087    5702289    7096641    8062892   21001909
  Det20170715_181529_STGS     2.5000    5076922    7423564    8437981    9022909   29961377
  Det20170715_181530_STGS     2.5000    7459902   10865145    9012152   10221445   37558643
  Det20170715_181531_STGS     2.5000    3329677   14067680   10560169    9941740   37899267
  Det20170715_181532_STGS     2.5000   65888236   13117380   11599827   10013515  100618958
  Det20170715_181533_STGS     2.5000   22310223   10595018   11359342   10270305   54534888
  Det20170715_181534_STGS     2.5000   24307799   14076652   11385864    9698704   59469018
  Det20170715_181535_STGS     2.5000   59504530   19008241   12969661    9887744  101370176
  Det20170715_181536_STGS     2.5000  103872895   13007765   11667041   10831927  139379628
  Det20170715_181537_STGS     2.5000   20023658   16601761   14703850   12874480   64203749
  Det20170715_181538_STGS     2.5000  106038707   39313155   25267731   16736340  187355934
  Det20170715_181539_STGS     2.5000  708262936   79389397   35812098   17223104  840687536
  Det20170715_181540_STGS     2.5000 2128949412   16844593   13276369   12878534 2171948908
