76621500.0
61506750.0
71772000.0
76563000.0
86478750.0
83909250.0
76279500.0
72208500.0
87921750.0
72481500.0
74233500.0
69279000.0
83784000.0
77538000.0
72113250.0
69669000.0
80466750.0
78093750.0
93717750.0
58445250.0
74282250.0
64865250.0
62985000.0
81999000.0
61259250.0
83592000.0
73182000.0
77333250.0
89668500.0
65023500.0
75641250.0
71417250.0
61952250.0
67353750.0
70305000.0
76719000.0
78125250.0
66229500.0
71451750.0
73276500.0
74496750.0
75507750.0
82539750.0
72447750.0
77047500.0
63783750.0
86602500.0
82351500.0
78765750.0
70710000.0
68614500.0
85916250.0
68469750.0
70070250.0
84391500.0
79767750.0
78047250.0
79131750.0
66172500.0
81406500.0
79076250.0
85378500.0
81191250.0
75864750.0
81543750.0
88350750.0
81946500.0
78912750.0
69639000.0
77339250.0
75492750.0
77334000.0
80746500.0
77658000.0
89704500.0
80985750.0
65133000.0
76423500.0
81910500.0
77442000.0
74826000.0
72400500.0
79895250.0
83817750.0
71643750.0
74818500.0
83304000.0
73371750.0
72019500.0
72575250.0
66267750.0
73529250.0
78879750.0
80004750.0
82089750.0
66592500.0
77171250.0
82386000.0
