   Det20170721_101949_SGS     0.5000   55318146   62360298   66073833   70341989  254094266
   Det20170721_101950_SGS     0.5000   93151612   89088252   87116503   85162527  354518894
   Det20170721_101951_SGS     0.5000   49191310   55056920   57431806   60603268  222283304
   Det20170721_101952_SGS     0.5000   67415333   67038798   66956336   66834196  268244662
   Det20170721_101953_SGS     0.5000   94665316   88111361   85340573   82221547  350338798
   Det20170721_101954_SGS     0.5000   66401218   69228975   69948462   70108140  275686795
   Det20170721_101955_SGS     0.5000   37790688   45869408   49397058   52475642  185532796
   Det20170721_101956_SGS     0.5000   72281798   75438251   75347636   73903638  296971323
   Det20170721_101957_SGS     0.5000   57905493   58576815   57988206   57131460  231601975
   Det20170721_101958_SGS     0.5000   76051118   77126215   78051385   77685861  308914579
   Det20170721_101959_SGS     0.5000   62608573   67364795   69407438   71764055  271144861
   Det20170721_102000_SGS     0.5000   33898401   41926117   46037571   50501156  172363244
   Det20170721_102001_SGS     0.5000   69780250   76182814   78211343   80124563  304298970
   Det20170721_102002_SGS     0.5000   65042154   69496064   70690406   71134321  276362945
   Det20170721_102003_SGS     0.5000   90711427   84886599   83214518   83676123  342488667
   Det20170721_102004_SGS     0.5000   56578623   63276478   65617018   67446937  252919057
   Det20170721_102005_SGS     0.5000   58168824   59420570   59943240   59984056  237516690
   Det20170721_102006_SGS     0.5000   92486014   86130208   83818564   81312908  343747694
   Det20170721_102007_SGS     0.5000   62902708   64105733   63632552   63369324  254010318
   Det20170721_102008_SGS     0.5000   68632254   76939135   79857051   81865042  307293482
   Det20170721_102009_SGS     0.5000   66639956   67110772   67774952   69378938  270904617
   Det20170721_102010_SGS     0.5000   63500319   72256739   75401687   78113917  289272662
   Det20170721_102011_SGS     0.5000   72631107   76252379   78981811   80893603  308758901
   Det20170721_102012_SGS     0.5000   71195595   72244463   73355817   73066173  289862047
   Det20170721_102013_SGS     0.5000  152686929  134102323  127014180  119030863  532834294
   Det20170721_102014_SGS     0.5000   67040468   72693603   74458190   75808866  290001128
   Det20170721_102015_SGS     0.5000   62987823   66791358   67865852   68482684  266127717
   Det20170721_102016_SGS     0.5000   93498906   93106411   92174668   90474632  369254617
   Det20170721_102017_SGS     0.5000   74317430   75990813   76124568   76007907  302440717
   Det20170721_102018_SGS     0.5000   92387917   86849329   84239885   81348056  344825187
   Det20170721_102019_SGS     0.5000  114100113  102910579   97526525   91735619  406272836
   Det20170721_102020_SGS     0.5000   77853439   75919641   74864046   73870887  302508013
   Det20170721_102021_SGS     0.5000   62101690   65408535   68041017   69946557  265497800
   Det20170721_102023_SGS     0.5000   97910506   87774446   84262522   80600440  350547915
   Det20170721_102024_SGS     0.5000   67426335   68736585   68596288   68155647  272914856
   Det20170721_102025_SGS     0.5000   58849951   64817166   67504486   70368911  261540514
   Det20170721_102026_SGS     0.5000   99553197   92289681   89113273   85671047  366627199
   Det20170721_102027_SGS     0.5000   54781621   57415875   58702441   59643039  230542975
   Det20170721_102028_SGS     0.5000   39072405   46566700   49959830   53740958  189339892
   Det20170721_102029_SGS     0.5000   58751762   64621816   66421379   67184873  256979830
   Det20170721_102030_SGS     0.5000   70458939   73367605   77795970   82533597  304156111
   Det20170721_102031_SGS     0.5000   96831452   89196963   86778268   85063899  357870583
   Det20170721_102032_SGS     0.5000   59601954   64576972   66338557   67778957  258296439
   Det20170721_102033_SGS     0.5000   84233805   83499069   82123561   79785868  329642303
   Det20170721_102034_SGS     0.5000   63755822   74770517   77263496   79076863  294866697
   Det20170721_102035_SGS     0.5000   71038813   67654491   66812132   65698450  271203887
   Det20170721_102036_SGS     0.5000   72299754   69808807   68887589   68128940  279125091
   Det20170721_102037_SGS     0.5000   84817897   86973420   88560832   89492010  349844159
   Det20170721_102038_SGS     0.5000   88365976   82089596   79600534   77636253  327692360
   Det20170721_102039_SGS     0.5000   90159015   89641832   88909279   87948551  356658677
   Det20170721_102040_SGS     0.5000   98125524   91554506   87640559   83592863  360913451
   Det20170721_102041_SGS     0.5000   61866760   62956085   63999911   65148096  253970853
   Det20170721_102042_SGS     0.5000   61747597   65928822   68130813   70295681  266102913
   Det20170721_102043_SGS     0.5000   85535593   82435115   80923272   79845112  328739092
   Det20170721_102044_SGS     0.5000   57266395   66171089   68356678   69460685  261254848
   Det20170721_102045_SGS     0.5000  129616051  109376187  102040519   95339946  436372704
   Det20170721_102046_SGS     0.5000   53049321   57999606   60260982   62628724  233938632
   Det20170721_102047_SGS     0.5000   44104409   51619761   55205036   58944777  209873984
   Det20170721_102048_SGS     0.5000   56936710   59633643   61038841   63639243  241248438
   Det20170721_102049_SGS     0.5000  108361942  100390969   96677722   92817211  398247844
   Det20170721_102050_SGS     0.5000   63871504   64219645   63401213   61934261  253426622
   Det20170721_102051_SGS     0.5000  101463461   93071707   89879198   88036902  372451268
   Det20170721_102052_SGS     0.5000   79693452   78429155   77995962   77800602  313919171
   Det20170721_102053_SGS     0.5000   98427746   93842595   91438417   88369824  372078581
   Det20170721_102054_SGS     0.5000   98255797   90038129   88343038   88514920  365151884
   Det20170721_102055_SGS     0.5000   66498577   67833683   68150724   68302319  270785303
   Det20170721_102056_SGS     0.5000   72605703   77033519   79318516   80912521  309870259
   Det20170721_102057_SGS     0.5000   85350082   80571231   78960543   77491676  322373532
   Det20170721_102059_SGS     0.5000  130995146  116003452  109796558  104381138  461176293
   Det20170721_102100_SGS     0.5000   97705177   95787936   94770798   93954058  382217969
   Det20170721_102101_SGS     0.5000   63465790   70963053   74060712   77427728  285917282
   Det20170721_102102_SGS     0.5000   78394797   79280384   81457190   81873271  321005642
   Det20170721_102103_SGS     0.5000  130561387  115743755  111020577  105521917  462847636
   Det20170721_102104_SGS     0.5000   51405508   57611010   60583066   63933645  233533230
   Det20170721_102105_SGS     0.5000   36964529   47560431   51737157   55759670  192021787
   Det20170721_102106_SGS     0.5000  100511769   89293537   84488856   79885616  354179778
   Det20170721_102107_SGS     0.5000   89227007   90717805   91232516   91104800  362282128
   Det20170721_102108_SGS     0.5000   93406944   83822386   81493037   79522922  338245288
   Det20170721_102109_SGS     0.5000   75405422   72601042   70658641   68330047  286995152
   Det20170721_102110_SGS     0.5000   73955230   74790923   74608775   74386285  297741212
   Det20170721_102111_SGS     0.5000   98708655   92902226   91322552   89974672  372908105
   Det20170721_102112_SGS     0.5000   73869076   71667663   70750519   69701995  285989253
   Det20170721_102113_SGS     0.5000   58661728   60970198   63773994   66377581  249783501
   Det20170721_102114_SGS     0.5000  113721882  103405524  100458345   98180201  415765953
   Det20170721_102115_SGS     0.5000   50519411   58214968   62318676   66398098  237451153
   Det20170721_102116_SGS     0.5000   96036134   90979959   88450879   86326577  361793549
   Det20170721_102117_SGS     0.5000   56630562   64536586   67025468   69022182  257214798
   Det20170721_102118_SGS     0.5000   62385259   66307446   68273161   70221504  267187371
   Det20170721_102119_SGS     0.5000   97098753   94778231   91951480   88254421  372082885
   Det20170721_102120_SGS     0.5000  110338986  101356053   96947320   92524979  401167337
   Det20170721_102121_SGS     0.5000  111785994   98367377   91982039   85786544  387921953
   Det20170721_102122_SGS     0.5000   69482528   69456983   69883424   70076196  278899130
   Det20170721_102123_SGS     0.5000   91598370   87201439   85327429   82863870  346991108
   Det20170721_102124_SGS     0.5000   41865514   53064998   58777194   64559137  218266843
   Det20170721_102125_SGS     0.5000   68757751   75613507   79710934   85537877  309620069
   Det20170721_102126_SGS     0.5000   80233386   76948402   75241256   73789370  306212415
   Det20170721_102127_SGS     0.5000  155947497  133784589  125008979  116477211  531218275
   Det20170721_102128_SGS     0.5000   92774767   91450812   89428713   91024026  364678318
