329900250.0
315866250.0
296652750.0
303481500.0
346598250.0
296241750.0
330145500.0
339348000.0
337260000.0
311775000.0
336043500.0
330739500.0
304231500.0
357117750.0
339798000.0
348732750.0
328805250.0
342081750.0
329166750.0
350053500.0
350043750.0
342426000.0
329430750.0
332253750.0
335602500.0
341424000.0
362601750.0
332969250.0
332516250.0
334420500.0
361692000.0
351279750.0
324552000.0
319444500.0
346711500.0
322103250.0
354885000.0
335133000.0
346740000.0
348092250.0
366752250.0
345064500.0
333660000.0
338568750.0
329922000.0
345224250.0
333915000.0
362020500.0
335429250.0
341265750.0
338230500.0
326805000.0
340889250.0
332426250.0
323042250.0
335427750.0
343803000.0
343543500.0
362852250.0
339232500.0
341499750.0
332957250.0
350138250.0
313528500.0
313850250.0
340956000.0
332601000.0
332341500.0
341895000.0
323520000.0
342817500.0
305313750.0
345324750.0
326284500.0
324318000.0
307965750.0
352857000.0
333984750.0
319805250.0
332924250.0
320155500.0
338321250.0
328673250.0
350172000.0
331291500.0
329601750.0
320455500.0
332810250.0
347925750.0
341622000.0
338730000.0
317099250.0
321857250.0
323370000.0
333597000.0
352544250.0
353883750.0
