336417750.0
323396250.0
352291500.0
326003250.0
350823000.0
335082750.0
332113500.0
339628500.0
334995750.0
347435250.0
327746250.0
350912250.0
324216000.0
343367250.0
343416750.0
311772750.0
313924500.0
338430750.0
346686000.0
360833250.0
320242500.0
340723500.0
324759000.0
338927250.0
328105500.0
331460250.0
338939250.0
340643250.0
326208000.0
351868500.0
353764500.0
330087750.0
346446750.0
340286250.0
335726250.0
349839000.0
334327500.0
339204750.0
347526000.0
353484750.0
359631750.0
327785250.0
360396750.0
339459000.0
345268500.0
341198250.0
338973750.0
321347250.0
315975000.0
331407000.0
316002750.0
349131750.0
344892000.0
329880000.0
320152500.0
322572750.0
332276250.0
321510000.0
329737500.0
337833000.0
342234750.0
343440750.0
354742500.0
343074000.0
342078750.0
303576750.0
335215500.0
343512750.0
344108250.0
321948750.0
338281500.0
334333500.0
327189000.0
335799750.0
349860000.0
299106750.0
320672250.0
322583250.0
321126000.0
347673750.0
324441000.0
346152750.0
319904250.0
349014000.0
320238000.0
328015500.0
330657000.0
344773500.0
351447000.0
345857250.0
356629500.0
348648000.0
369470250.0
325992000.0
332817000.0
343298250.0
330914250.0
