9982250.0
17456000.0
13473500.0
13820000.0
13336250.0
15275000.0
14960000.0
13847000.0
7976750.0
14585750.0
14996000.0
16284500.0
13744250.0
12800000.0
14855750.0
14630000.0
12309500.0
5279000.0
9128750.0
9974000.0
14462000.0
15584750.0
13688000.0
10575500.0
7681250.0
13898000.0
15764000.0
7334000.0
13595000.0
11382500.0
18605000.0
16757000.0
9401750.0
17105000.0
9759500.0
13349000.0
17210750.0
12930500.0
16143500.0
18760250.0
11432750.0
15149000.0
8204000.0
13433000.0
13113500.0
12027500.0
8375000.0
13970000.0
12694250.0
13941500.0
11372000.0
14733500.0
15136250.0
7683500.0
18035000.0
13954250.0
14900000.0
13889750.0
15141500.0
15520250.0
16717250.0
15638750.0
14093000.0
13442000.0
12539000.0
14565500.0
15465500.0
16367750.0
12475250.0
12104750.0
8836250.0
14620250.0
9526250.0
6908000.0
11259500.0
15745250.0
16373000.0
12068000.0
14220500.0
12560000.0
18182750.0
13193000.0
14393000.0
12449750.0
11020250.0
17744000.0
11511500.0
16358000.0
8649500.0
8381000.0
13751750.0
11721500.0
11531000.0
12761000.0
13713500.0
11783000.0
12638000.0
10974500.0
