  Det20170722_223443_STGS     0.0000  313394729  313435961  313903170  314482766 1255216626
  Det20170722_223444_STGS     0.0000  324028354  324423003  323935788  323334401 1295721546
  Det20170722_223446_STGS     0.0000  294045457  293940985  294092480  295025314 1177104235
  Det20170722_223447_STGS     0.0000  268319536  268738709  268599531  268296126 1073953902
  Det20170722_223448_STGS     0.0000  273882457  274394181  275057004  275647149 1098980792
  Det20170722_223450_STGS     0.0000  285655101  285617903  286681581  288272380 1146226964
  Det20170722_223451_STGS     0.0000  306399876  305881998  306117092  305760401 1224159367
  Det20170722_223453_STGS     0.0000  310519882  310855458  311216229  311492876 1244084446
  Det20170722_223454_STGS     0.0000  315379653  315218359  315428525  314951271 1260977807
  Det20170722_223456_STGS     0.0000  323079936  323086038  322680802  322305533 1291152309
  Det20170722_223457_STGS     0.0000  311149361  311434375  311917033  312871411 1247372180
  Det20170722_223459_STGS     0.0000  306791142  307237508  306338679  305103393 1225470722
  Det20170722_223500_STGS     0.0000  309612314  309464708  309743804  309491392 1238312218
  Det20170722_223502_STGS     0.0000  305004830  305060712  305214180  304199741 1219479463
  Det20170722_223503_STGS     0.0000  287667560  288061744  288130753  287761972 1151622029
  Det20170722_223505_STGS     0.0000  299267855  299710509  300600295  301461524 1201040183
  Det20170722_223506_STGS     0.0000  327758126  327367244  327434502  327842504 1310402376
  Det20170722_223508_STGS     0.0000  301396169  301443040  301416792  301029557 1205285558
  Det20170722_223509_STGS     0.0000  323322152  323246390  323538780  324145059 1294252381
  Det20170722_223511_STGS     0.0000  301316866  300874220  300569039  299600574 1202360699
  Det20170722_223512_STGS     0.0000  286300101  285974421  286517384  286729131 1145521036
  Det20170722_223513_STGS     0.0000  307792540  307687055  308487424  309487452 1233454470
  Det20170722_223515_STGS     0.0000  290683671  290277743  290171271  290152894 1161285578
  Det20170722_223516_STGS     0.0000  269590427  269476101  269277028  268832289 1077175846
  Det20170722_223518_STGS     0.0000  301046741  301124505  301076335  300908667 1204156248
  Det20170722_223519_STGS     0.0000  277762382  278002556  278188743  278937844 1112891525
  Det20170722_223521_STGS     0.0000  335981844  335434392  335469527  334935626 1341821389
  Det20170722_223522_STGS     0.0000  302249694  302467997  302629205  303046144 1210393040
  Det20170722_223524_STGS     0.0000  302203815  302010889  302302819  303745266 1210262789
  Det20170722_223525_STGS     0.0000  307164920  307638754  308280629  309275212 1232359514
  Det20170722_223527_STGS     0.0000  305381461  305255145  305718358  306074810 1222429773
  Det20170722_223528_STGS     0.0000  310467365  310418494  310309206  310396541 1241591605
  Det20170722_223530_STGS     0.0000  296441806  296749373  298066183  299019769 1190277130
  Det20170722_223531_STGS     0.0000  297245938  297341804  297674123  297382839 1189644704
  Det20170722_223533_STGS     0.0000  294831407  294695276  295151685  295871620 1180549988
  Det20170722_223534_STGS     0.0000  298364417  298583855  298506358  298224233 1193678863
  Det20170722_223536_STGS     0.0000  317178331  317446222  318257529  318844400 1271726483
  Det20170722_223537_STGS     0.0000  299111007  299244767  299504410  300052591 1197912775
  Det20170722_223539_STGS     0.0000  312410723  312834274  313884111  315025218 1254154326
  Det20170722_223540_STGS     0.0000  289902778  289634698  290620316  291655591 1161813384
  Det20170722_223542_STGS     0.0000  339686676  340289667  341055437  341976962 1363008743
  Det20170722_223543_STGS     0.0000  317975266  318701417  318878702  319557453 1275112838
  Det20170722_223545_STGS     0.0000  288090439  287987968  287996989  287894876 1151970273
  Det20170722_223546_STGS     0.0000  295247660  295514286  294912033  294154016 1179827995
  Det20170722_223548_STGS     0.0000  287841920  288145738  288929080  290000695 1154917433
  Det20170722_223549_STGS     0.0000  319794933  320093819  320065284  319942998 1279897034
  Det20170722_223551_STGS     0.0000  297936127  298243774  298957842  300071696 1195209439
  Det20170722_223552_STGS     0.0000  296624239  296784023  297365175  299203681 1189977118
  Det20170722_223554_STGS     0.0000  322817688  322380327  323414102  324816075 1293428192
  Det20170722_223555_STGS     0.0000  289358847  289277550  288660551  288018484 1155315432
  Det20170722_223557_STGS     0.0000  316503603  316634299  316269187  315668684 1265075773
  Det20170722_223559_STGS     0.0000  322285971  322695421  323396380  323789165 1292166936
  Det20170722_223600_STGS     0.0000  293325766  293635718  293836547  293342118 1174140150
  Det20170722_223602_STGS     0.0000  302950969  303288389  304469002  306553391 1217261751
  Det20170722_223604_STGS     0.0000  272371351  272788172  274146273  275687451 1094993246
  Det20170722_223605_STGS     0.0000  322137162  322064347  322952545  323644463 1290798517
  Det20170722_223607_STGS     0.0000  314584341  315255672  316076688  317180227 1263096927
  Det20170722_223608_STGS     0.0000  276666906  276304814  277667100  280262649 1110901469
  Det20170722_223610_STGS     0.0000  296065943  296181486  296674159  296011073 1184932660
  Det20170722_223611_STGS     0.0000  330772980  330633430  330901168  330577906 1322885484
  Det20170722_223613_STGS     0.0000  293838249  294281788  294471930  295160278 1177752245
  Det20170722_223614_STGS     0.0000  297468542  297424453  297751803  297382912 1190027711
  Det20170722_223616_STGS     0.0000  303524751  303448583  303368280  302807484 1213149098
  Det20170722_223617_STGS     0.0000  290023391  290403600  291250783  292393303 1164071076
  Det20170722_223619_STGS     0.0000  313833385  313551929  313706211  313809741 1254901266
  Det20170722_223620_STGS     0.0000  307820336  308230609  308654227  308701828 1233407000
  Det20170722_223622_STGS     0.0000  287696924  287532038  287419407  287415396 1150063765
  Det20170722_223623_STGS     0.0000  297645585  297658120  297779752  297547733 1190631189
  Det20170722_223625_STGS     0.0000  312353829  312571388  313225904  313913061 1252064182
  Det20170722_223626_STGS     0.0000  317724440  318084781  318829882  319410323 1274049426
  Det20170722_223628_STGS     0.0000  334870795  335239662  336284543  337205804 1343600804
  Det20170722_223629_STGS     0.0000  295671194  296015645  297886433  301013064 1190586336
  Det20170722_223631_STGS     0.0000  309007216  308975787  309135351  308850777 1235969131
  Det20170722_223632_STGS     0.0000  302554157  302998672  304051370  305140142 1214744342
  Det20170722_223634_STGS     0.0000  292856339  292758974  293511285  293981878 1173108476
  Det20170722_223636_STGS     0.0000  313899792  314028710  314682802  315329277 1257940581
  Det20170722_223637_STGS     0.0000  315162651  315082836  315249081  315167897 1260662465
  Det20170722_223639_STGS     0.0000  307319765  307595981  308062714  308391159 1231369619
  Det20170722_223640_STGS     0.0000  312455261  312728095  313556711  314966313 1253706380
  Det20170722_223642_STGS     0.0000  347915518  348150301  348522619  348643007 1393231445
  Det20170722_223643_STGS     0.0000  310073299  310094247  311820772  313924742 1245913060
  Det20170722_223645_STGS     0.0000  309086345  309241593  309243316  308384235 1235955489
  Det20170722_223646_STGS     0.0000  317620523  318012900  317785671  317564020 1270983114
  Det20170722_223648_STGS     0.0000  311321332  311629627  311417772  311043765 1245412495
  Det20170722_223649_STGS     0.0000  287156068  287336491  287533761  287929125 1149955446
  Det20170722_223651_STGS     0.0000  314202264  314489654  315197072  316140328 1260029318
  Det20170722_223652_STGS     0.0000  300376886  300372349  300377472  299916275 1201042982
  Det20170722_223653_STGS     0.0000  297208312  297626806  298507120  299007959 1192350197
  Det20170722_223655_STGS     0.0000  307569225  307501245  307653816  307132869 1229857154
  Det20170722_223656_STGS     0.0000  324246814  324269004  325100303  325528429 1299144550
  Det20170722_223658_STGS     0.0000  304098375  304398182  305524032  306980409 1221000998
  Det20170722_223700_STGS     0.0000  279745885  279941138  280121565  280047672 1119856261
  Det20170722_223701_STGS     0.0000  298348466  298553379  298405120  298079860 1193386825
  Det20170722_223703_STGS     0.0000  302565581  302277005  303733344  305984165 1214560095
  Det20170722_223704_STGS     0.0000  309333202  310200201  309084944  307550270 1236168617
  Det20170722_223706_STGS     0.0000  285337636  285591340  286158893  286930290 1144018159
  Det20170722_223707_STGS     0.0000  281171177  280896773  281377469  281654667 1125100085
