333829500.0
341907000.0
357209250.0
300960000.0
341041500.0
342352500.0
352748250.0
323325000.0
340518750.0
322254750.0
347683500.0
310458000.0
341698500.0
302898000.0
346857750.0
353517000.0
352629750.0
345927000.0
323466000.0
355758000.0
330556500.0
371448000.0
342455250.0
318357750.0
355767000.0
330612000.0
316371750.0
336806250.0
328266000.0
330894000.0
349332750.0
324320250.0
360116250.0
337654500.0
343944000.0
340075500.0
334180500.0
350064750.0
355177500.0
347450250.0
337436250.0
343521750.0
332182500.0
358527000.0
336869250.0
330300750.0
320183250.0
366237750.0
345464250.0
352318500.0
330737250.0
361053000.0
323504250.0
357081000.0
329258250.0
329308500.0
314352750.0
303271500.0
332921250.0
347111250.0
335784750.0
328599750.0
341046000.0
332250750.0
328059000.0
343590000.0
342348750.0
303291750.0
305463000.0
362952000.0
346560750.0
352104750.0
321882750.0
333492000.0
340021500.0
336091500.0
351906750.0
325194750.0
348475500.0
347761500.0
327823500.0
365029500.0
344568000.0
343917000.0
327480750.0
350638500.0
319362750.0
331173750.0
356374500.0
336727500.0
331974000.0
327023250.0
318866250.0
347075250.0
331220250.0
361961250.0
345288750.0
342047250.0
