   Det20170723_110938_SGS     2.5000  573909571  358097401  330731734  323284977 1586023683
   Det20170723_110939_SGS     0.0000  332703828  332741402  332760961  332370833 1330577024
   Det20170723_110940_SGS     0.0000  288585456  288825169  288307993  287790019 1153508637
   Det20170723_110941_SGS     0.0000  304320177  304063116  304667219  305870892 1218921403
   Det20170723_110942_SGS     0.0000  297972291  297407665  297060534  296273884 1188714373
   Det20170723_110943_SGS     0.0000  323262740  322899537  321435328  319254720 1286852324
   Det20170723_110944_SGS     0.0000  312352793  312172736  311617990  311021979 1247165498
   Det20170723_110946_SGS     0.0000  292527084  292364514  292736055  293142021 1170769675
   Det20170723_110947_SGS     0.0000  338925707  338080063  338978037  339522586 1355506394
   Det20170723_110948_SGS     0.0000  321985756  321791180  322059656  322152931 1287989524
   Det20170723_110949_SGS     0.0000  315520055  315816748  314317982  313076300 1258731085
   Det20170723_110950_SGS     0.0000  312194850  312430318  312179751  310789654 1247594572
   Det20170723_110951_SGS     0.0000  298788384  299117507  298830026  298190115 1194926033
   Det20170723_110952_SGS     0.0000  323035025  322871242  321894324  320521533 1288322124
   Det20170723_110953_SGS     0.0000  319063955  319620589  317942014  316161452 1272788010
   Det20170723_110954_SGS     0.0000  351571408  350737603  350716474  349817445 1402842931
   Det20170723_110955_SGS     0.0000  312085207  312342215  311938471  311058305 1247424199
   Det20170723_110956_SGS     0.0000  331597146  331379508  331768436  332169055 1326914146
   Det20170723_110957_SGS     0.0000  304244047  304719060  302897471  301417379 1213277957
   Det20170723_110958_SGS     0.0000  297330639  297440982  297559519  297363719 1189694858
   Det20170723_110959_SGS     0.0000  358694253  358442749  357013164  354743132 1428893298
   Det20170723_111001_SGS     0.0000  323273717  322892843  321822544  320313626 1288302731
   Det20170723_111002_SGS     0.0000  291044082  291333378  291250279  291052130 1164679868
   Det20170723_111003_SGS     0.0000  305448461  305244228  305840388  306069195 1222602272
   Det20170723_111004_SGS     0.0000  334851856  335724050  333828126  331272950 1335676981
   Det20170723_111005_SGS     0.0000  310913656  311255177  311467439  312340171 1245976442
   Det20170723_111006_SGS     0.0000  323436431  323825326  324396265  325523614 1297181636
   Det20170723_111007_SGS     0.0000  294807510  295187981  294812666  293895864 1178704021
   Det20170723_111008_SGS     0.0000  336417553  336869619  335975437  335095342 1344357952
   Det20170723_111009_SGS     0.0000  314715637  315618426  315176262  314920312 1260430637
   Det20170723_111010_SGS     0.0000  325482546  326184413  325127946  324013296 1300808200
   Det20170723_111011_SGS     0.0000  324328783  325631145  324798061  324138971 1298896960
   Det20170723_111012_SGS     0.0000  316879394  316103355  316516629  315843384 1265342762
   Det20170723_111013_SGS     0.0000  303047055  303284633  304125763  306038008 1216495459
   Det20170723_111014_SGS     0.0000  288774727  289100641  289519463  289973177 1157368007
   Det20170723_111015_SGS     0.0000  312202953  312930549  310851564  308920361 1244905426
   Det20170723_111017_SGS     0.0000  330254688  330270357  329445197  327722880 1317693122
   Det20170723_111018_SGS     0.0000  311929546  311042979  310669904  309262974 1242905404
   Det20170723_111019_SGS     0.0000  290722380  291651978  291987448  292958664 1167320470
   Det20170723_111020_SGS     0.0000  304877151  305142652  304901676  304969629 1219891108
   Det20170723_111021_SGS     0.0000  299934296  299958341  299844699  300456168 1200193503
   Det20170723_111022_SGS     0.0000  321913010  321119511  321913662  322336258 1287282441
   Det20170723_111023_SGS     0.0000  337813132  337489770  336599269  334616627 1346518798
   Det20170723_111024_SGS     0.0000  332224509  331357080  330923719  329705931 1324211239
   Det20170723_111025_SGS     0.0000  324218862  323926719  323580346  322131727 1293857654
   Det20170723_111026_SGS     0.0000  318803444  318347218  318566886  318423120 1274140668
   Det20170723_111027_SGS     0.0000  309437990  309848083  308631854  307760413 1235678341
   Det20170723_111028_SGS     0.0000  303426343  302629311  302496055  302433634 1210985344
   Det20170723_111029_SGS     0.0000  310359008  309849688  311609288  314088363 1245906346
   Det20170723_111031_SGS     0.0000  308754837  310022053  308672037  307245873 1234694801
   Det20170723_111032_SGS     0.0000  299745569  299773927  299590134  298809529 1197919159
   Det20170723_111033_SGS     0.0000  286871327  286348549  286670884  287313902 1147204662
   Det20170723_111034_SGS     0.0000  328302356  327549638  327541693  326738007 1310131694
   Det20170723_111035_SGS     0.0000  313981043  313245095  313094632  313032994 1253353763
   Det20170723_111036_SGS     0.0000  319206718  319154739  317807948  315579014 1271748419
   Det20170723_111037_SGS     0.0000  296176564  295236063  296392936  296828369 1184633931
   Det20170723_111038_SGS     0.0000  330806249  330514701  328904994  326913431 1317139376
   Det20170723_111039_SGS     0.0000  327745472  327479237  327319771  326711566 1309256046
   Det20170723_111040_SGS     0.0000  295974908  296334554  295890308  294971031 1183170801
   Det20170723_111041_SGS     0.0000  332921283  332766763  331582464  329210960 1326481470
   Det20170723_111042_SGS     0.0000  310089814  310729698  308486777  305302464 1234608752
   Det20170723_111043_SGS     0.0000  337149763  337002698  337070384  336713077 1347935921
   Det20170723_111044_SGS     0.0000  323483227  322952272  323156866  323662390 1293254754
   Det20170723_111046_SGS     0.0000  296158341  295814789  294912921  292976059 1179862110
   Det20170723_111047_SGS     0.0000  302136528  302658426  302685873  301877082 1209357908
   Det20170723_111048_SGS     0.0000  297588115  298068689  296568328  294357089 1186582221
   Det20170723_111049_SGS     0.0000  313837289  314026524  312999706  311503038 1252366558
   Det20170723_111050_SGS     0.0000  281423028  281314947  280515171  279652318 1122905463
   Det20170723_111051_SGS     0.0000  302852492  303135840  302887929  302778226 1211654488
   Det20170723_111052_SGS     0.0000  322267004  321875016  321200775  319958742 1285301538
   Det20170723_111053_SGS     0.0000  332371702  332919835  332694688  333219895 1331206120
   Det20170723_111054_SGS     0.0000  314336456  314182784  313975558  313654756 1256149554
   Det20170723_111055_SGS     0.0000  310246926  309349237  308431071  306104329 1234131563
   Det20170723_111056_SGS     0.0000  315187214  314993323  314861572  314839730 1259881840
   Det20170723_111057_SGS     0.0000  290025358  289927527  289875812  289837559 1159666256
   Det20170723_111058_SGS     0.0000  298476389  298449211  298623875  298550036 1194099511
   Det20170723_111059_SGS     0.0000  319671297  319675829  318484479  316548957 1274380562
   Det20170723_111100_SGS     0.0000  327879248  327463477  327171488  326634846 1309149060
   Det20170723_111102_SGS     0.0000  330097559  329513840  329802689  329660455 1319074543
   Det20170723_111103_SGS     0.0000  300914190  301083358  300619239  300273257 1202890045
   Det20170723_111104_SGS     0.0000  307136021  306843532  307309228  306588329 1227877110
   Det20170723_111105_SGS     0.0000  298658042  298149157  298134463  297324489 1192266151
   Det20170723_111106_SGS     0.0000  310203691  309955073  309592530  307876845 1237628140
   Det20170723_111107_SGS     0.0000  300257343  299584574  300837600  301690657 1202370175
   Det20170723_111108_SGS     0.0000  324268245  324764332  324108171  323288364 1296429112
   Det20170723_111109_SGS     0.0000  336260134  334465271  334236525  333813977 1338775907
   Det20170723_111110_SGS     0.0000  315574052  314866587  314856967  314455442 1259753048
   Det20170723_111111_SGS     0.0000  330039010  329753794  329625012  329514041 1318931856
   Det20170723_111112_SGS     0.0000  331830279  331454999  331081266  330202623 1324569168
   Det20170723_111113_SGS     0.0000  333155606  333836294  331695497  328821837 1327509234
   Det20170723_111114_SGS     0.0000  315672934  316150605  315539970  314854006 1262217515
   Det20170723_111115_SGS     0.0000  299993838  299710053  299442257  299228726 1198374875
   Det20170723_111116_SGS     0.0000  342158117  341486160  341604135  340843365 1366091777
   Det20170723_111118_SGS     0.0000  333864885  333571877  332524098  330154891 1330115751
   Det20170723_111119_SGS     0.0000  303873583  303961061  304598687  306176228 1218609559
   Det20170723_111120_SGS     0.0000  340655144  340630439  339912987  338746211 1359944781
   Det20170723_111121_SGS     0.0000  311366477  311551766  312063880  312272276 1247254399
   Det20170723_111122_SGS     0.0000  373761795  372293701  357388520  356582144 1460026160
