  Det20170716_224817_STGS     0.5000    8929320    9520643    9636693    9742681   37829337
  Det20170716_224818_STGS     0.5000    9142783    9575137    9684195    9740966   38143080
  Det20170716_224819_STGS     0.5000    9426123    9662139    9716346    9745844   38550451
  Det20170716_224820_STGS     0.5000    9453203    9582941    9591970    9669529   38297643
  Det20170716_224821_STGS     0.5000    9182506    9282080    9375315    9418515   37258416
  Det20170716_224822_STGS     0.5000    9016052    9124595    9157635    9295793   36594075
  Det20170716_224823_STGS     0.5000    8879670    8864816    8978948    9096844   35820279
  Det20170716_224824_STGS     0.5000    8703847    8631538    8681349    8808751   34825485
  Det20170716_224825_STGS     0.5000    8866072    8589598    8585223    8677403   34718296
  Det20170716_224826_STGS     0.5000    9632422    8725688    8589408    8509345   35456864
  Det20170716_224827_STGS     0.5000   10353192    8718813    8435447    8335722   35843174
  Det20170716_224828_STGS     0.5000   11547146    9001593    8595415    8635600   37779755
  Det20170716_224829_STGS     0.5000   11022582    9924298    9787352    9740537   40474769
  Det20170716_224830_STGS     0.5000   12636241   12022705   11680061   11338940   47677947
