  Det20170716_162418_STGS     1.0000    8726927    9351595    9487086    9604076   37169685
  Det20170716_162419_STGS     1.0000    9249172    9717557    9682661    9729475   38378865
  Det20170716_162420_STGS     1.0000    9614779    9687183    9729737    9753914   38785612
  Det20170716_162421_STGS     1.0000    9767897    9596027    9701037    9689248   38754209
  Det20170716_162422_STGS     1.0000    9278651    9380423    9441658    9547755   37648486
  Det20170716_162423_STGS     1.0000    8667267    9047292    9294929    9407813   36417302
  Det20170716_162425_STGS     1.0000    8547465    8758065    8979695    9203386   35488609
  Det20170716_162426_STGS     1.0000    7989861    8609707    8822161    8976240   34397969
  Det20170716_162427_STGS     1.0000    8842734    8783789    8839126    9089199   35554848
  Det20170716_162428_STGS     1.0000    9259510    8884605    8961424    8973952   36079491
  Det20170716_162429_STGS     1.0000   10755323    9783996    9413606    9176547   39129473
  Det20170716_162430_STGS     1.0000   13856264   10869332   10022834    9461429   44209858
  Det20170716_162431_STGS     1.0000   13215177   11106203   10200326    9749621   44271328
  Det20170716_162432_STGS     1.0000   13187109    9781169    9810275    9867409   42645962
