   Det20170718_212038_SGS     1.5000       2539     193275     647330    1715490    2558635
   Det20170718_212039_SGS     1.5000       3277     201459     683432    1795318    2683486
   Det20170718_212041_SGS     1.5000       4395     227429     720800    1844100    2796724
   Det20170718_212042_SGS     1.5000       6045     263605     793814    1912176    2975641
   Det20170718_212043_SGS     1.5000      11438     330780     904615    2024668    3271501
   Det20170718_212044_SGS     1.5000      19310     417011    1051301    2187889    3675511
   Det20170718_212045_SGS     1.5000      35736     573509    1286698    2449733    4345676
   Det20170718_212046_SGS     1.5000      67208     805505    1642515    2857268    5372496
   Det20170718_212047_SGS     1.5000     137634    1217653    2227766    3481956    7065010
   Det20170718_212048_SGS     1.5000     297545    1963895    3209495    4594448   10065383
   Det20170718_212049_SGS     1.5000     663404    3257713    4741871    6160914   14823901
   Det20170718_212050_SGS     1.5000    2266516    7194744    8880665    9883913   28225837
   Det20170718_212051_SGS     1.5000    7899807   15354889   16159827   15845880   55260403
   Det20170718_212052_SGS     1.5000   21290250   25839310   24181959   21812847   93124366
