  Det20170717_225343_STGS     1.5000    4739253    7253710    8023839    8681685   28698487
  Det20170717_225344_STGS     1.5000    5903524    7745649    8460566    8937697   31047436
  Det20170717_225345_STGS     1.5000    7454406    8794102    9170040    9430411   34848959
  Det20170717_225346_STGS     1.5000    9739260    9955365    9457600    9850460   39002685
  Det20170717_225347_STGS     1.5000   10453368   10138566    9511829    9392008   39495771
  Det20170717_225348_STGS     1.5000   13939654    9791385    9480553    9270902   42482494
  Det20170717_225349_STGS     1.5000   12720165    9241446    9233828    9153427   40348866
  Det20170717_225350_STGS     1.5000   14757211    9645415    8903234    8641719   41947579
  Det20170717_225351_STGS     1.5000   19685565   10329778    9249066    8750971   48015380
  Det20170717_225352_STGS     1.5000   16742865   10354836   10004739    9534514   46636955
  Det20170717_225353_STGS     1.5000   16883340   13159135   11649346   10381412   52073233
  Det20170717_225354_STGS     1.5000   42521088   19343031   14016846   11024643   86905608
  Det20170717_225355_STGS     1.5000   93734688   22514824   13036494   10375386  139661392
  Det20170717_225356_STGS     1.5000   30990503   13113308   12675779   12194189   68973779
