   Det20170716_110454_SGS     2.5000          1       4969      49417     315462     369849
   Det20170716_110455_SGS     2.5000          2       5172      55632     344347     405153
   Det20170716_110456_SGS     2.5000          4       7163      63601     370618     441385
   Det20170716_110457_SGS     2.5000          3      10228      83648     422754     516633
   Det20170716_110458_SGS     2.5000         22      17474     118049     510342     645886
   Det20170716_110459_SGS     2.5000         49      27970     167295     634758     830072
   Det20170716_110500_SGS     2.5000        147      51856     253736     828389    1134129
   Det20170716_110501_SGS     2.5000        402      93953     397349    1126662    1618367
   Det20170716_110502_SGS     2.5000       1311     184366     658839    1592496    2437012
   Det20170716_110503_SGS     2.5000       4430     389714    1165948    2469884    4029976
   Det20170716_110504_SGS     2.5000      15446     845073    2113119    3869371    6843010
   Det20170716_110505_SGS     2.5000      97223    2743379    5373215    7854934   16068752
   Det20170716_110506_SGS     2.5000     821849    8911010   13261316   15688986   38683161
   Det20170716_110507_SGS     2.5000    5883456   22455826   25587637   25219463   79146382
