  Det20170716_103040_STGS     2.5000     293039    2799353    4379033    6081416   13552841
  Det20170716_103041_STGS     2.5000     473461    3483341    4846357    6419401   15222559
  Det20170716_103042_STGS     2.5000    1170172    4397791    5765423    7045676   18379062
  Det20170716_103043_STGS     2.5000    4417536    6809700    7862773    8569874   27659883
  Det20170716_103044_STGS     2.5000    2905559    9873315    9653494    9626317   32058685
  Det20170716_103045_STGS     2.5000   14694933    9812581    9935523    9549067   43992105
  Det20170716_103046_STGS     2.5000   21337914    8175508    8197154    8837036   46547613
  Det20170716_103047_STGS     2.5000    8648075    8931735    8477829    8435514   34493152
  Det20170716_103048_STGS     2.5000   10280003    9277529    8844725    9132428   37534686
  Det20170716_103049_STGS     2.5000   12616352    9673104    9634799    9313908   41238163
  Det20170716_103050_STGS     2.5000   18580005   13375166   11341372   10308156   53604699
  Det20170716_103051_STGS     2.5000   18238527   14888459   13049505   11338032   57514523
  Det20170716_103052_STGS     2.5000   17632201   12834848   12818440   11505609   54791098
  Det20170716_103053_STGS     2.5000   24651315   12350540   10373452    9962594   57337901
